225.7
215.72
248.52
239.31
278.79
216.56
249.73
263.59
290.64
262.49
263.27
233.43
237.84
240.19
226.8
253.69
232.79
263.12
249.13
207.34
242.94
245.44
222.61
233.71
295.5
239.54
222.53
237.23
253.13
265.98
251.79
259.97
212.65
251.98
251.97
231.05
230.85
233.26
236.54
236.94
236.32
250.06
219.31
259.02
242.87
211.79
251.79
267.58
231.32
256.09
267.36
246.84
217.78
240.24
258.64
201.17
263.95
252.26
243.85
256.87
258.51
241.02
230.49
285
232.11
261.05
242.65
227.92
263.28
264.99
224.38
239.89
222.93
204.81
288.06
196.7
235.91
272.02
270.81
230.53
236.96
231.26
237.83
273.88
279.15
247.38
290.18
226.31
234.55
237.99
253.7
215.85
237.6
254.31
233.24
259.51
305.29
241.79
236.82
200.5
