244.02
284.85
265.16
238.84
250.19
224.03
261.19
209.92
261.02
242.51
176.92
237.01
281.89
272.84
245.27
179.88
152.85
300.85
292.84
200.12
215.7
256.03
181.58
273.21
244.61
196.19
250.48
249.56
171.82
201.18
165.47
260.31
227.52
163.23
214.9
230.94
238.17
192.54
281.57
199
233.45
270.62
203.08
244.94
247.94
213.32
244.61
236.07
256.13
234.74
244.87
232.82
219.59
221.39
251.5
289.22
164.49
260.41
227.85
221.37
179.95
208.06
216.41
207.64
254.38
258.73
235.44
253.33
244.02
272.8
237.86
276.35
186.76
215.67
155.99
260.53
252.09
188.87
195.09
245.89
273.37
238.02
194.88
275.16
245.56
305.15
233.58
245.77
220.14
236.94
232.51
250.08
252.7
172.29
175.8
262.37
171.96
225.64
162.93
166.44
