-46.39376646  13.6366027833514
-45.13988088  -11.7025732566486
-43.8859953  10.2926605433514
-42.63210972  3.5306179433514
-41.37822414  33.0852451833513
-40.12433856  6.19314262335139
-38.87045298  -18.7186036326486
-37.6165674  11.8373626433514
-36.36268182  7.7414893833514
-35.10879624  46.9517588273515
-33.85491066  -8.10190729664861
-32.60102508  7.95038170335137
-31.3471395  60.6763430313516
-30.09325392  6.10165038335135
-28.83936834  -100.909200096649
-27.58548276  -39.2959512566485
-26.33159718  -71.8465963366486
-25.0777116  -7.09269129664882
-23.82382602  500.173144383352
-22.56994044  167.214176843351
-21.31605486  -235.985015716648
-20.06216928  -503.89543777665
-18.8082837  -62.8142978566486
-17.55439812  514.087150463352
-16.30051254  408.497895103351
-15.04662696  -101.939861856648
-13.79274138  -578.162148196649
-12.5388558  -633.929767936648
-11.28497022  -104.788322056649
-10.03108464  176.347974803351
-8.77719905999999  135.452148523352
-7.52331348  -89.5039592566486
-6.2694279  -157.370389024649
-5.01554231999999  -4.39039985664857
-3.76165674  5.02221606335135
-2.50777116  148.080135223351
-1.25388558  296.217906183352
0  385.44747690335
1.25388558  209.654780103352
2.50777116  64.3851784433513
3.76165674  69.0953288633512
5.01554231999999  25.2713481433514
6.2694279  -187.331205144648
7.52331348  -111.247487204649
8.77719905999999  151.017967203351
10.03108464  129.812189303351
11.28497022  -324.271408176649
12.5388558  -734.192955296649
13.79274138  -490.570620136649
15.04662696  305.737446663351
16.30051254  703.797906343351
17.55439812  250.089505903351
18.8082837  -505.646993176649
20.06216928  -623.049662536647
21.31605486  -51.2335869766486
22.56994044  224.035400583351
23.82382602  346.242693903351
25.0777116  65.0242833433514
26.33159718  52.5316322633513
27.58548276  122.968398103352
28.83936834  72.5807598233513
30.09325392  53.4850760233514
31.3471395  2.98414202335139
32.60102508  -15.6210877366486
33.85491066  9.56941034335123
35.10879624  1.81378678335139
36.36268182  0.963799883351371
37.6165674  -23.1341744966486
38.87045298  7.02696830335137
40.12433856  16.1472153433514
41.37822414  30.1800540633514
42.63210972  -54.5618377366485
43.8859953  -24.2510503766486
45.13988088  9.89496784335142
46.39376646  27.0595479033514
