-39.3706196000001  3.70521313000001
-38.3065488000001  18.4222192700001
-37.242478  -19.03851731
-36.1784072000001  29.67649533
-35.1143364  15.91887471
-34.0502656  4.78970335000002
-32.9861948  16.79704273
-31.922124  33.69624447
-30.8580532  -0.257950569999981
-29.7939824  74.345049106
-28.7299116  102.19119175
-27.6658408  63.1148574380001
-26.60177  -24.8778828299999
-25.5376992  83.89833517
-24.4736284  45.70816303
-23.4095576  -14.70645919
-22.3454868  103.51196405
-21.281416  166.67862845
-20.2173452  202.84918049
-19.1532744  -73.91499935
-18.0892036  -323.01161837
-17.0251328  -400.78497835
-15.961062  -367.24502945
-14.8969912  -55.52847293
-13.8329204  98.2497466900001
-12.7688496  47.5984641300002
-11.7047788  4.94253946999998
-10.640708  0.722706270000041
-9.57663720000001  15.25163421
-8.51256640000001  42.27055893
-7.44849560000001  45.22408847
-6.38442480000001  16.59110849
-5.32035400000001  -64.96628607
-4.25628320000001  -86.70426201
-3.1922124  -87.8578649900001
-2.12814160000001  44.7673689700001
-1.0640708  167.97708373
0  168.81872431
1.0640708  91.928587126
2.12814160000001  30.32686421
3.1922124  -24.74313829
4.25628320000001  -87.32221883
5.32035400000001  25.19761703
6.38442480000001  86.0592037879999
7.44849560000001  53.11936741
8.51256640000001  38.5510914499999
9.57663720000001  53.7458616499999
10.640708  0.221818489999998
11.7047788  79.9599906500001
12.7688496  9.79419897
13.8329204  -42.29588814
14.8969912  -250.18745095
15.961062  -402.82844829
17.0251328  -358.77477511
18.0892036  -169.46444483
19.1532744  99.3072985100001
20.2173452  64.7907452499998
21.281416  126.50811373
22.3454868  154.38594405
23.4095576  62.6421746899999
24.4736284  52.6472373899999
25.5376992  74.532544266
26.60177  96.61397669
27.6658408  74.4864048900001
28.7299116  49.28699271
29.7939824  -4.10034412999996
30.8580532  -2.38171244999999
31.922124  8.67110049000001
32.9861948  -27.5660357739999
34.0502656  -11.30212439
35.1143364  4.43718960999999
36.1784072000001  -38.81146533
37.242478  13.65076253
38.3065488000001  -18.7118885499999
39.3706196000001  -18.69081735
