-39.3236000370002  -1.66662830778377
-38.2608000360002  15.4582456432162
-37.1980000350002  6.12299726421621
-36.1352000340002  23.9810997342163
-35.0724000330002  25.9196183922163
-34.0096000320002  30.5738599402163
-32.9468000310002  32.4002686242161
-31.8840000300001  38.7271836642162
-30.8212000290001  4.3302688932163
-29.7584000280001  39.2197217032161
-28.6956000270001  59.0579250662162
-27.6328000260001  25.1590183062162
-26.5700000250001  49.3331228742161
-25.5072000240001  20.9185268252162
-24.4444000230001  -10.9620968547838
-23.3816000220001  -40.1280498157837
-22.3188000210001  158.806164160215
-21.2560000200001  221.238343459217
-20.1932000190001  179.615756249217
-19.1304000180001  -44.0356165907839
-18.0676000170001  -305.874685525785
-17.0048000160001  -370.443483078784
-15.9420000150001  -308.438432560783
-14.8792000140001  -104.159213575784
-13.8164000130001  2.49084770921624
-12.7536000120001  43.1646391892158
-11.6908000110001  25.2197078692163
-10.6280000100001  7.11916110021628
-9.56520000900004  36.9511869642163
-8.50240000800004  69.176632856216
-7.43960000700003  24.0916055342162
-6.37680000600003  8.71986461421618
-5.31400000500003  -29.4090633887836
-4.25120000400002  -48.6816827057842
-3.18840000300001  -45.0467082207838
-2.12560000200001  77.5413445842163
-1.06280000100001  140.359718213217
0  177.964378181216
1.06280000100001  113.748053513216
2.12560000200001  33.0229305862161
3.18840000300001  -15.6013482907837
4.25120000400002  -49.4635600257837
5.31400000500003  -0.701514500783804
6.37680000600003  34.2981531987163
7.43960000700003  48.1494840892159
8.50240000800004  -7.49765312278386
9.56520000900004  7.25739829721623
10.6280000100001  -0.815757791783878
11.6908000110001  38.2063883602162
12.7536000120001  14.0177982992163
13.8164000130001  -52.6882578932839
14.8792000140001  -250.246663315784
15.9420000150001  -381.143806804782
17.0048000160001  -404.252775605784
18.0676000170001  -256.462750254784
19.1304000180001  75.5781973802163
20.1932000190001  138.948021889217
21.2560000200001  201.208472804216
22.3188000210001  104.456329836216
23.3816000220001  76.0249446792164
24.4444000230001  96.6452210542165
25.5072000240001  96.4371303832162
26.5700000250001  75.6940395542166
27.6328000260001  30.1787717342161
28.6956000270001  23.5497323222163
29.7584000280001  14.6746501892162
30.8212000290001  -6.64387900078378
31.8840000300001  -4.77061415378379
32.9468000310002  -16.2743565872838
34.0096000320002  -5.18622825578375
35.0724000330002  -9.54223507078379
36.1352000340002  -5.17868718078377
37.1980000350002  11.2456732542162
38.2608000360002  -3.92450744578381
39.3236000370002  2.80868546721621
