-46.25172938  11.9822443668107
-45.00168264  -1.54321619318928
-43.7516359  -3.90401549318926
-42.50158916  43.9358793268108
-41.25154242  26.5832818268107
-40.00149568  34.3143684268108
-38.75144894  28.1618603068108
-37.5014022  36.4487632668107
-36.25135546  74.4680207068108
-35.00130872  62.7015850468107
-33.75126198  12.9726035268108
-32.50121524  -85.3057067131894
-31.2511685  56.4390665268107
-30.00112176  93.6668794068108
-28.75107502  -0.397002453189238
-27.50102828  -216.845604089189
-26.25098154  -181.406794473189
-25.0009348  173.615926446811
-23.75088806  502.19643840681
-22.50084132  256.751105486811
-21.25079458  -483.005556633189
-20.00074784  -552.488366913187
-18.7507011  -168.71542043319
-17.50065436  445.524680586811
-16.25060762  538.883341086811
-15.00056088  7.54821222281061
-13.75051414  -530.26551529319
-12.5004674  -552.19743127319
-11.25042066  -199.164585573189
-10.00037392  116.026130046811
-8.75032717999999  25.5472687868106
-7.50028044  -91.5729454131892
-6.2502337  -93.3888888331889
-5.00018695999999  31.7701604068107
-3.75014022  57.3957134308109
-2.50009348  101.44438856681
-1.25004673999999  285.111076366811
0  357.23990494681
1.25004673999999  259.638474566811
2.50009348  134.381718066811
3.75014022  39.1895399068107
5.00018695999999  -52.6280213531893
6.2502337  -108.545414313189
7.50028044  -144.204726073189
8.75032717999999  109.496517486811
10.00037392  287.603109806811
11.25042066  -270.28035371319
12.5004674  -815.242893753189
13.75051414  -543.685111377189
15.00056088  260.730404206811
16.25060762  810.203065686811
17.50065436  314.236662246811
18.7507011  -494.410205473188
20.00074784  -837.785271673188
21.25079458  -190.23665999319
22.50084132  416.120013286812
23.75088806  397.057355926811
25.0009348  -131.42247611319
26.25098154  35.5788998868108
27.50102828  135.478593286811
28.75107502  91.5807003668107
30.00112176  29.4056983468107
31.2511685  41.6656725668108
32.50121524  18.7284914868108
33.75126198  -32.6090105131893
35.00130872  -7.7782167531892
36.25135546  -36.3367909331893
37.5014022  6.69581009281074
38.75144894  21.4927056068108
40.00149568  22.1713404068108
41.25154242  0.173045766810771
42.50158916  -11.2102258731892
43.7516359  12.0957530668108
45.00168264  -1.20905857318924
46.25172938  38.6482737068107
