-38.9964705679999  27.4469816185135
-37.942511904  14.2323439745135
-36.88855324  5.4216803785135
-35.834594576  38.8001413185135
-34.780635912  63.0304251785135
-33.726677248  59.8557958985134
-32.672718584  39.0141035785134
-31.61875992  35.3293168785135
-30.564801256  18.3605301585136
-29.510842592  30.6248791385135
-28.456883928  72.2252422265135
-27.402925264  44.8495637785135
-26.3489666  17.7738232585136
-25.295007936  -75.1864295414869
-24.241049272  -64.0658263374864
-23.187090608  -44.5699984214864
-22.133131944  201.387121178513
-21.07917328  246.766848458514
-20.025214616  92.9313424185135
-18.971255952  -21.0729491614865
-17.917297288  -337.396905941486
-16.863338624  -390.950873821486
-15.80937996  -319.926662141487
-14.755421296  -34.1968241614865
-13.701462632  -40.2350403014865
-12.647503968  -27.3884518014863
-11.593545304  59.6118978585136
-10.53958664  -1.20788519348643
-9.48562797599999  36.8551810385136
-8.43166931199999  113.115554026513
-7.37771064799999  87.4196373785137
-6.32375198399999  -64.0387637814865
-5.26979331999999  4.82370617851351
-4.21583465599999  22.5496732385136
-3.16187599199999  -47.3183532614865
-2.10791732799999  83.4393346585136
-1.05395866399999  131.120784534513
0  203.972205986513
1.05395866399999  134.162799598514
2.10791732799999  16.4269087385135
3.16187599199999  -22.1410150214865
4.21583465599999  -25.2995282614865
5.26979331999999  15.8086958585135
6.32375198399999  32.1810828585135
7.37771064799999  32.8343342185135
8.43166931199999  -76.6243619894864
9.48562797599999  -29.5735889294865
10.53958664  18.2416081345135
11.593545304  67.6069238185135
12.647503968  47.8376656985136
13.701462632  -49.1969816614864
14.755421296  -210.063143461486
15.80937996  -449.110849501486
16.863338624  -464.581469021487
17.917297288  -282.653720821486
18.971255952  111.095616858514
20.025214616  175.454189418513
21.07917328  111.783660338513
22.133131944  102.159607738514
23.187090608  63.3229231585135
24.241049272  136.252000998514
25.295007936  131.112433058513
26.3489666  60.7963375785135
27.402925264  54.1206386585135
28.456883928  20.0380104865135
29.510842592  9.06342155851351
30.564801256  -10.4738265814865
31.61875992  8.8947010985135
32.672718584  -22.3751491634864
33.726677248  9.96376217851347
34.780635912  -10.3915028614865
35.834594576  -20.3430102214864
36.88855324  21.4109275985135
37.942511904  13.8868158185135
38.9964705679999  17.3868447305135
