-46.138981796  3.44424322175678
-44.891982288  -4.58701263824323
-43.64498278  0.777961445756724
-42.397983272  19.5514343617568
-41.150983764  59.9502948817567
-39.903984256  -8.71919095824324
-38.656984748  8.99799964175675
-37.40998524  10.6700088017568
-36.162985732  19.8397747217567
-34.915986224  82.4796080817568
-33.668986716  76.349595285757
-32.421987208  -25.3477496582432
-31.1749877  63.7848289617568
-29.927988192  137.449655521757
-28.680988684  -27.6511329782432
-27.433989176  -135.072857798243
-26.186989668  -283.157584958243
-24.93999016  -17.4288457782433
-23.692990652  524.338211481757
-22.445991144  135.289360641757
-21.198991636  -320.586609318243
-19.951992128  -453.944786358244
-18.70499262  -270.089306078244
-17.457993112  369.014329161757
-16.210993604  502.771454661756
-14.963994096  -76.6169162782432
-13.716994588  -645.401959118244
-12.46999508  -598.316715238243
-11.222995572  -107.330493198243
-9.97599606399999  201.584845681757
-8.72899655599999  31.1508471217568
-7.481997048  -86.7845782382432
-6.23499753999999  -32.5791620622434
-4.98799803199999  64.3436893817567
-3.740998524  -0.840056258243225
-2.493999016  56.4290634217568
-1.24699950799999  259.975979181757
0  420.610060401757
1.24699950799999  219.533179029757
2.493999016  35.2810973417567
3.740998524  43.4467836817568
4.98799803199999  -23.8722691982432
6.23499753999999  -154.782916918243
7.481997048  -138.734217638243
8.72899655599999  70.9167708417568
9.97599606399999  162.530170161757
11.222995572  -175.706111138243
12.46999508  -664.121117218243
13.716994588  -520.953301470243
14.963994096  233.308570381757
16.210993604  781.953500621758
17.457993112  446.517184001755
18.70499262  -323.896053818243
19.951992128  -757.890832438243
21.198991636  -264.945232478243
22.445991144  358.614956441756
23.692990652  138.872988441757
24.93999016  140.836502361757
26.186989668  57.0518586017567
27.433989176  122.913141841756
28.680988684  143.116784881757
29.927988192  74.937016561757
31.1749877  42.7544224817568
32.421987208  20.1968603617568
33.668986716  25.2870256417568
34.915986224  0.323027081756747
36.162985732  -32.0184535582432
37.40998524  2.73364832175676
38.656984748  -2.64820478624323
39.903984256  -6.43469665824324
41.150983764  -11.5778140182432
42.397983272  6.02067378175675
43.64498278  25.7940813217567
44.891982288  -4.75306795024325
46.138981796  -46.4642448782432
