-46.445941344  -0.145621013864778
-45.190645632  23.5063079061352
-43.93534992  8.26371508613524
-42.680054208  29.8951349461352
-41.424758496  10.4194129861353
-40.169462784  -29.7232466338648
-38.914167072  11.9015386341352
-37.65887136  6.70918542613514
-36.403575648  43.8376413261352
-35.148279936  33.8120214261353
-33.892984224  56.3311878461352
-32.637688512  -12.3842426938648
-31.3823928  -37.1440222738648
-30.127097088  142.723388366135
-28.871801376  56.9719963861352
-27.616505664  -160.226477133865
-26.361209952  -153.660515133865
-25.10591424  -8.35866793386485
-23.850618528  467.777097346134
-22.595322816  291.196783506135
-21.340027104  -396.564438973865
-20.084731392  -689.303145813866
-18.82943568  -98.0787962538647
-17.574139968  427.483120506134
-16.318844256  566.983253266136
-15.063548544  -38.5230108938649
-13.808252832  -423.357021533866
-12.55295712  -565.741158293867
-11.297661408  -199.288995493865
-10.042365696  35.2505468061353
-8.78706998399999  91.8283324661351
-7.53177427199999  -72.8730214098648
-6.27647855999999  -113.601209013865
-5.021182848  10.5832293061353
-3.765887136  30.1364632261352
-2.510591424  106.173677546135
-1.255295712  364.600531510135
0  336.768419694135
1.255295712  201.868276110135
2.510591424  103.506835466135
3.765887136  100.945134130135
5.021182848  32.7053119461353
6.27647855999999  -153.450335013865
7.53177427199999  -131.803467653865
8.78706998399999  136.530835386135
10.042365696  158.881966506135
11.297661408  -307.823821993864
12.55295712  -804.808009621866
13.808252832  -382.363274253865
15.063548544  373.308998106135
16.318844256  672.535374366136
17.574139968  185.787574446135
18.82943568  -386.304028193864
20.084731392  -561.853422693865
21.340027104  -160.528912933865
22.595322816  288.001544186136
23.850618528  199.367315586135
25.10591424  19.5317831861353
26.361209952  43.3687914261353
27.616505664  99.1998087421354
28.871801376  128.537966626135
30.127097088  46.5747952661352
31.3823928  15.7885354861352
32.637688512  -0.859125813864795
33.892984224  -21.8011521338649
35.148279936  1.45223070613522
36.403575648  -1.05653773386479
37.65887136  -34.2052288938648
38.914167072  -0.637526653864725
40.169462784  -10.0698368338648
41.424758496  -17.7187492538649
42.680054208  8.1847991461352
43.93534992  0.189659106135219
45.190645632  6.42940954613518
46.445941344  -3.33144264186481
