-46.307604745  7.22936733951355
-45.05604786  1.41837645451351
-43.804490975  3.85758039551349
-42.55293409  24.2282666445135
-41.301377205  32.5095587195134
-40.04982032  0.516268364513484
-38.798263435  7.58569873751349
-37.54670655  16.4163300345135
-36.295149665  36.4717315345135
-35.04359278  56.4862433455133
-33.792035895  34.3878698405136
-32.54047901  -28.7718293404865
-31.288922125  35.9390540615136
-30.03736524  94.9853934195136
-28.785808355  -17.9963347854866
-27.53425147  -137.860222569486
-26.282694585  -172.517872725487
-25.0311377  35.1839303595134
-23.779580815  498.621222904514
-22.52802393  212.612856619514
-21.276467045  -359.035405160486
-20.02491016  -549.907934215489
-18.773353275  -149.924455155487
-17.52179639  439.027320179514
-16.270239505  504.283986029513
-15.01868262  -52.3828942014864
-13.767125735  -544.296661035485
-12.51556885  -587.546268185483
-11.264011965  -152.643099080487
-10.01245508  132.302374334514
-8.760898195  70.9946492245137
-7.50934131  -85.1836260794863
-6.257784425  -99.2349122334859
-5.00622754  25.5766698095135
-3.754670655  22.9285841155136
-2.50311377  103.031816189514
-1.251556885  301.476373310512
0  375.016465486514
1.251556885  222.673677452513
2.50311377  84.3887073295135
3.754670655  63.1691966455134
5.00622754  -4.63090761548642
6.257784425  -151.027467847487
7.50934131  -131.497474642487
8.760898195  116.990522729513
10.01245508  184.706858944513
11.264011965  -269.520423755487
12.51556885  -754.591243972485
13.767125735  -484.393076809487
15.01868262  293.271354839513
16.270239505  742.12246175451
17.52179639  299.157731649513
18.773353275  -427.564320165488
20.02491016  -695.144797335486
21.276467045  -166.736098095486
22.52802393  321.692978624515
23.779580815  270.385088464514
25.0311377  23.4925231945136
26.282694585  47.1327955445133
27.53425147  120.139985493513
28.785808355  108.954052924513
30.03736524  51.1006465495136
31.288922125  25.7981931395135
32.54047901  5.61128457451352
33.792035895  -4.88843166548654
35.04359278  -1.04729304548649
36.295149665  -17.1119955854865
37.54670655  -11.9774862439865
38.798263435  6.30848561751348
40.04982032  5.45350556451354
41.301377205  0.2641341395135
42.55293409  -12.8916476704865
43.804490975  3.45711077951353
45.05604786  2.59056271651351
46.307604745  3.97803352251348
