-39.506823112  -16.6667275417838
-38.439071136  27.1839745582162
-37.37131916  10.3745488982162
-36.303567184  16.1918141982162
-35.235815208  16.8783761502162
-34.168063232  14.3775952382162
-33.100311256  34.8529758782162
-32.03255928  39.6774357782162
-30.964807304  -27.6857483217837
-29.897055328  38.3915087582162
-28.829303352  37.1560490382162
-27.761551376  -23.5133996417838
-26.6937994  86.6817856582161
-25.626047424  9.34495345421622
-24.558295448  -2.46651318178378
-23.490543472  -51.6407282617836
-22.422791496  177.551822742216
-21.35503952  249.771341118217
-20.287287544  220.647477898216
-19.219535568  -60.7075737017838
-18.151783592  -306.726803181784
-17.084031616  -293.192232753784
-16.01627964  -214.272104881784
-14.948527664  -127.006837581784
-13.880775688  2.21530973821622
-12.813023712  110.091042098216
-11.745271736  79.9753764582163
-10.67751976  26.0303014982162
-9.609767784  98.4575124782164
-8.542015808  32.2442215382162
-7.474263832  -38.5020960817838
-6.40651185599999  4.96119542621611
-5.33875988  -64.6190712617838
-4.271007904  -56.2082109017838
-3.203255928  23.5239809782162
-2.135503952  82.1933290382163
-1.067751976  106.700447578216
0  164.872255718216
1.067751976  123.649244418216
2.135503952  39.4150946662162
3.203255928  16.2142700182162
4.271007904  -44.1418186217838
5.33875988  -40.8287939817838
6.40651185599999  -3.05387026178378
7.474263832  71.338764198216
8.542015808  15.8614343982162
9.609767784  -57.0696105017838
10.67751976  -76.2903499417839
11.745271736  17.0766511222162
12.813023712  -39.3550621217837
13.880775688  -79.1605795817838
14.948527664  -335.431988501783
16.01627964  -407.799185617783
17.084031616  -468.021750781784
18.151783592  -192.584988097784
19.219535568  82.5844175222164
20.287287544  127.835261598217
21.35503952  237.926429418216
22.422791496  144.840683978216
23.490543472  120.352466578216
24.558295448  105.188499898216
25.626047424  97.9257519182163
26.6937994  86.1616932582161
27.761551376  -6.08708230178376
28.829303352  34.4269261382162
29.897055328  40.2613432982163
30.964807304  -17.2960607817838
32.03255928  -18.5331925017838
33.100311256  1.2444576782162
34.168063232  -1.23950458178378
35.235815208  -2.77459224178378
36.303567184  26.0380588182162
37.37131916  -21.8378578817838
38.439071136  -17.5215071017838
39.506823112  10.4287961782162
