-39.420486868  -21.1519804378648
-38.355068304  1.99444477013515
-37.28964974  27.7342770901352
-36.224231176  11.2559480901351
-35.158812612  7.8507975301352
-34.093394048  43.2723452741351
-33.027975484  38.9369523101352
-31.96255692  46.2057375301352
-30.897138356  26.9042443061351
-29.831719792  13.5174498101352
-28.766301228  24.6592172501352
-27.700882664  16.1850516501351
-26.6354641  117.754765410135
-25.570045536  65.6172482181351
-24.504626972  -23.0242109298648
-23.439208408  -49.5950133898649
-22.373789844  152.773748670135
-21.30837128  221.736555810135
-20.242952716  202.035024190135
-19.177534152  -20.4469441498648
-18.112115588  -256.363414609864
-17.046697024  -396.845847389865
-15.98127846  -332.309933769864
-14.915859896  -199.904719629865
-13.850441332  -50.2666252898648
-12.785022768  42.3575023301351
-11.719604204  -43.6509823098648
-10.65418564  2.93152182613513
-9.58876707600001  -2.75957986986489
-8.52334851200001  89.0761969301351
-7.45792994800001  2.22479237013517
-6.392511384  77.3659183221352
-5.32709282  7.12539759813523
-4.26167425600001  -74.3639311498648
-3.196255692  -68.5345956098649
-2.130837128  99.7653456701352
-1.065418564  155.640557010135
0  174.194326710135
1.065418564  105.251582910135
2.130837128  45.9228547301352
3.196255692  -31.7355098698649
4.26167425600001  -41.0906743898648
5.32709282  -2.98357690986481
6.392511384  22.0061964101352
7.45792994800001  35.3054705301352
8.52334851200001  -7.77877634986481
9.58876707600001  61.9269309701352
10.65418564  54.5638921501351
11.719604204  -11.8180121498649
12.785022768  37.7943906501351
13.850441332  -40.0995821898648
14.915859896  -205.304070349865
15.98127846  -264.836743809865
17.046697024  -325.633107509865
18.112115588  -381.147847269866
19.177534152  9.3254566301352
20.242952716  187.711891290135
21.30837128  328.615687730134
22.373789844  16.4390835781352
23.439208408  57.7822142901351
24.504626972  92.4931459301352
25.570045536  82.1777922901351
26.6354641  59.2041506901351
27.700882664  -1.80487430986482
28.766301228  -9.55300004586484
29.831719792  13.4741800301352
30.897138356  3.57608381013516
31.96255692  -18.1150657018649
33.027975484  -16.4006990898648
34.093394048  -18.1670462298649
35.158812612  -29.4400347898648
36.224231176  12.4016680101352
37.28964974  31.7588607701352
38.355068304  6.64855005013517
39.420486868  2.10991831013519
