-40.0221261079999  5.65806747427027
-38.9404470239999  -10.1376952457297
-37.8587679399999  39.3924377542702
-36.7770888559999  -30.2422528457297
-35.6954097719999  -9.72333000572971
-34.6137306879999  -34.2654899657296
-33.5320516039999  -34.5819651057297
-32.4503725199999  -0.047718945729696
-31.3686934359999  4.30640767427029
-30.287014352  25.8515993742703
-29.2053352679999  15.9730828342703
-28.123656184  52.2866333182703
-27.0419771  92.7179015742704
-25.960298016  69.0594315742703
-24.878618932  108.29750999427
-23.796939848  127.86193931427
-22.715260764  221.312027934271
-21.63358168  42.1725881542702
-20.551902596  56.1459726342704
-19.470223512  99.0555949142703
-18.388544428  -230.10097824573
-17.306865344  -368.753158765731
-16.22518626  -393.242243525729
-15.143507176  -201.37195378973
-14.061828092  -15.2812981857297
-12.980149008  27.7380576142703
-11.898469924  -15.0867818857297
-10.81679084  45.3620164342703
-9.73511175599998  13.5645137542703
-8.65343267199999  -106.35547894573
-7.57175358799999  -6.8478858857297
-6.49007450399999  48.7309503742703
-5.40839541999999  -16.3959796457298
-4.32671633599999  -44.0568892057296
-3.245037252  16.6216920422703
-2.16335816799999  98.7219849942703
-1.081679084  167.41912929427
0  126.75349440227
1.081679084  151.77511931427
2.16335816799999  36.8992836862704
3.245037252  -3.34323264572976
4.32671633599999  0.134956314270298
5.40839541999999  3.85483565427025
6.49007450399999  -21.6941537657297
7.57175358799999  -31.3110360857297
8.65343267199999  85.8306243862702
9.73511175599998  78.8955520342703
10.81679084  12.9488452342704
11.898469924  -13.3315863257297
12.980149008  64.9775096062703
14.061828092  82.5741894742703
15.143507176  -94.0379341257297
16.22518626  -376.39897720573
17.306865344  -439.67468472573
18.388544428  -168.84944020573
19.470223512  25.0276505142703
20.551902596  138.94559415427
21.63358168  234.27740490627
22.715260764  72.9369365942704
23.796939848  81.0347948742701
24.878618932  58.3946580542701
25.960298016  74.4833109542704
27.0419771  84.5961853142705
28.123656184  68.1774571742703
29.2053352679999  19.2485988742703
30.287014352  -5.7415839257297
31.3686934359999  2.17739069427027
32.4503725199999  -53.9245178657298
33.5320516039999  -29.9218559657296
34.6137306879999  -21.7239877257296
35.6954097719999  -9.19943122572976
36.7770888559999  -49.2387285657297
37.8587679399999  -27.2450018657297
38.9404470239999  3.0241565142703
40.0221261079999  -40.5236032057297
