-39.5533737000001  -12.1106301301621
-38.4843636000001  -45.9483876701622
-37.4153535000001  -22.1511422501622
-36.3463434000001  -10.1759543701622
-35.2773333000001  -29.4185270901621
-34.2083232000001  -4.78923244416214
-33.1393131000001  51.6147197898379
-32.0703030000001  -32.2605184941622
-31.0012929000001  -3.82432301016216
-29.9322828000001  19.6775578498378
-28.8632727000001  20.4809087298379
-27.7942626000001  59.693562509838
-26.7252525000001  87.5739123498376
-25.6562424000001  122.721864389838
-24.5872323000001  121.692734789838
-23.5182222000001  90.1731849298378
-22.4492121000001  72.1917443898379
-21.380202  252.721241569839
-20.3111919  157.195741069837
-19.2421818  -39.6005430901622
-18.1731717  -216.244037730162
-17.1041616  -471.275618250162
-16.0351515  -264.453373870163
-14.9661414  -255.534173890162
-13.8971313  -94.5440560501621
-12.8281212  23.8607239898378
-11.7591111  74.6527807698381
-10.690101  52.3040217298379
-9.62109090000002  39.8419819098379
-8.55208080000002  77.6890705898375
-7.48307070000002  103.464689149838
-6.41406060000001  -35.7160300901621
-5.34505050000001  -35.2400865701621
-4.27604040000001  -45.5283005541622
-3.20703030000001  -41.7197712461622
-2.13802020000001  131.560175949838
-1.06901010000001  191.782050129838
0  156.212165029838
1.06901010000001  132.523362669838
2.13802020000001  71.397648049838
3.20703030000001  25.7708947498378
4.27604040000001  -43.1614659301622
5.34505050000001  -2.79980963016213
6.41406060000001  54.3672732898378
7.48307070000002  -15.5300158101622
8.55208080000002  41.3273781898379
9.62109090000002  13.4466184298379
10.690101  -29.412216490162
11.7591111  -10.3980818501623
12.8281212  25.3207816698379
13.8971313  -72.9435598301622
14.9661414  -220.848957210162
16.0351515  -526.573891010163
17.1041616  -440.033647890163
18.1731717  -122.430236210162
19.2421818  0.565344829837843
20.3111919  63.977544629838
21.380202  173.310172749838
22.4492121000001  199.930390789838
23.5182222000001  103.132473509838
24.5872323000001  43.6388779498379
25.6562424000001  145.829997029838
26.7252525000001  90.1010488898379
27.7942626000001  52.0528284098379
28.8632727000001  2.98819414983779
29.9322828000001  17.2491841898379
31.0012929000001  0.933465669837813
32.0703030000001  1.69692526983785
33.1393131000001  0.282680249837834
34.2083232000001  24.9905460298378
35.2773333000001  -14.5110392421621
36.3463434000001  0.372441589837831
37.4153535000001  -9.48523277016214
38.4843636000001  -23.8067528501622
39.5533737000001  -11.7932122861621
