-39.7144685919999  -1.44428393775676
-38.6411045759999  -38.5963882577568
-37.5677405599999  12.6529439422432
-36.4943765439999  -35.3590535577567
-35.4210125279999  -18.6672134017567
-34.3476485119999  -10.3253230777567
-33.2742844959999  8.49015044224329
-32.2009204799999  -13.1379173577567
-31.1275564639999  -3.72988531775674
-30.0541924479999  31.9825590822433
-28.9808284319999  7.60288476224329
-27.9074644159999  86.3370611222434
-26.8341003999999  49.5955814022433
-25.7607363839999  81.2813229902432
-24.6873723679999  125.970533202243
-23.6140083519999  167.487073882243
-22.5406443359999  107.709775562243
-21.4672803199999  115.963512122243
-20.3939163039999  -11.9328053777568
-19.3205522879999  -28.6000642777569
-18.2471882719999  -191.151204617757
-17.1738242559999  -213.501079377757
-16.10046024  -304.086699813756
-15.027096224  -221.075240497757
-13.953732208  -177.445374157757
-12.880368192  48.8845482022434
-11.807004176  68.3612783222434
-10.73364016  22.2038289822432
-9.66027614399997  82.2135948022432
-8.58691212799997  33.8627355622432
-7.51354811199997  -18.1283891577567
-6.44018409599998  -56.1607662977568
-5.36682007999998  -5.44200347775678
-4.29345606399998  -30.5689966777568
-3.22009204799999  -28.2595283137567
-2.14672803199999  78.494909822243
-1.07336401599999  174.898430934243
0  117.305586562243
1.07336401599999  65.7661137542432
2.14672803199999  9.84893910224328
3.22009204799999  9.42276364224328
4.29345606399998  -10.5907925977567
5.36682007999998  -19.4128381377567
6.44018409599998  63.1005730822432
7.51354811199997  48.8038502022433
8.58691212799997  -10.7837579177568
9.66027614399997  96.9773301222434
10.73364016  76.4206690422434
11.807004176  111.421884282243
12.880368192  166.981259750243
13.953732208  -97.2203708097568
15.027096224  -304.797772917757
16.10046024  -543.573529197758
17.1738242559999  -419.330356037757
18.2471882719999  -58.9453959577568
19.3205522879999  74.1107899022432
20.3939163039999  220.153296842244
21.4672803199999  71.5483744022434
22.5406443359999  132.367016042243
23.6140083519999  97.9683980422437
24.6873723679999  65.8036235622433
25.7607363839999  83.686700522243
26.8341003999999  76.0946278022434
27.9074644159999  20.1112808022433
28.9808284319999  -12.8100693377567
30.0541924479999  5.83655360224326
31.1275564639999  3.00127174224325
32.2009204799999  2.59402250224326
33.2742844959999  1.8735997422433
34.3476485119999  -5.60980219775673
35.4210125279999  -17.1727656977567
36.4943765439999  -22.4784088977567
37.5677405599999  25.2332309542432
38.6411045759999  -14.8714605177568
39.7144685919999  -11.8741718777567
