-39.8754039399999  -41.885529756573
-38.79769032  10.858543183427
-37.7199767  -4.19510753657296
-36.6422630799999  -11.884151496573
-35.56454946  17.166673343427
-34.48683584  -16.295657116573
-33.40912222  -17.626297216573
-32.3314086  -10.920463616573
-31.25369498  -3.30898872817295
-30.17598136  19.439290903427
-29.09826774  47.403470403427
-28.02055412  55.0885514634269
-26.9428405  103.490198643427
-25.86512688  118.612562483427
-24.78741326  84.5666991034271
-23.70969964  86.2949510234268
-22.63198602  202.370800403427
-21.5542724  130.468600223427
-20.47655878  127.474035343427
-19.39884516  9.15437426342701
-18.32113154  -361.872995816573
-17.24341792  -425.422374496573
-16.1657043  -240.943604696574
-15.08799068  -145.237229816573
-14.01027706  -59.5767732565729
-12.93256344  14.208218263427
-11.85484982  -12.349567656573
-10.7771362  83.446435063427
-9.69942257999999  -1.12100769657304
-8.62170895999999  2.65441219942704
-7.54399533999999  126.858060083427
-6.46628171999999  34.171395563427
-5.38856809999999  -15.3200889565729
-4.31085448  -34.676849656573
-3.23314086  8.39180120342704
-2.15542723999999  91.7417477834269
-1.07771362  154.595073211427
0  184.506461355427
1.07771362  113.043561623427
2.15542723999999  -1.275439896573
3.23314086  -15.647220656573
4.31085448  -87.0880415365729
5.38856809999999  -39.918481436573
6.46628171999999  -16.283158456573
7.54399533999999  34.5867997834271
8.62170895999999  5.28907261942701
9.69942257999999  36.898379231427
10.7771362  -31.617498536573
11.85484982  65.4881925034271
12.93256344  -12.567464136573
14.01027706  -152.036519816573
15.08799068  -278.049415096573
16.1657043  -319.995167616573
17.24341792  -345.288450456572
18.32113154  -141.787663896573
19.39884516  -68.3228178965731
20.47655878  193.784877503427
21.5542724  215.340828623427
22.63198602  39.0603661434272
23.70969964  100.642445783427
24.78741326  107.882974203427
25.86512688  76.2877066634269
26.9428405  69.6491254634271
28.02055412  62.4223444634271
29.09826774  22.410501743427
30.17598136  7.55529022342703
31.25369498  22.897284427427
32.3314086  -28.8828137765729
33.40912222  15.8752325434271
34.48683584  -6.35362152257296
35.56454946  19.553907343427
36.6422630799999  -23.3135544965729
37.7199767  3.64402830342702
38.79769032  22.935794023427
39.8754039399999  3.820366283427
