-39.7913430850002  -12.4455940875554
-38.7159013800001  -20.9559819975553
-37.6404596750001  6.42478297744462
-36.5650179700001  -21.9153530675553
-35.4895762650001  -10.1605992885554
-34.4141345600001  -16.4189256510552
-33.3386928550001  1.97415197744467
-32.2632511500001  -14.0916546035554
-31.1878094450001  -1.63919734545536
-30.1123677400001  24.2377518024447
-29.0369260350001  22.8650866824446
-27.9614843300001  63.3514521034447
-26.8860426250001  83.3443984924448
-25.8106009200001  97.9187953594444
-24.7351592150001  110.131869272444
-23.6597175100001  117.954287287445
-22.5842758050001  150.896087072444
-21.5088341000001  135.331485517445
-20.4333923950001  82.2207359174447
-19.3579506900001  10.0023404524445
-18.2825089850001  -249.842304102556
-17.2070672800001  -369.738057722556
-16.1316255750001  -300.681480476556
-15.0561838700001  -205.804649498555
-13.9807421650001  -86.7118754125555
-12.90530046  28.6728870174446
-11.829858755  28.8944273874446
-10.75441705  50.8290755524445
-9.67897534500004  33.6247706924447
-8.60353364000003  1.96268485144466
-7.52809193500003  51.3366185474445
-6.45265023000002  -2.24361261255533
-5.37720852500002  -18.0995396625553
-4.30176682000002  -38.7077590235554
-3.22632511500002  -11.2414515785553
-2.15088341000001  100.129704637444
-1.075441705  172.173670892446
0  146.194426837444
1.075441705  115.777039340445
2.15088341000001  29.2176077354447
3.22632511500002  4.05080127244464
4.30176682000002  -35.1763359375556
5.37720852500002  -14.5690733875554
6.45265023000002  19.8726335374446
7.52809193500003  9.13739952244466
8.60353364000003  30.4158293194446
9.67897534500004  56.5544699544445
10.75441705  7.08494981244478
11.829858755  38.2951021524447
12.90530046  61.1780217224445
13.9807421650001  -59.9065652455552
15.0561838700001  -224.433519837555
16.1316255750001  -441.635391257555
17.2070672800001  -411.081784777556
18.2825089850001  -123.003184067555
19.3579506900001  7.84524183744464
20.4333923950001  154.215328282444
21.5088341000001  173.619195170445
22.5842758050001  111.073677392445
23.6597175100001  95.6945280524443
24.7351592150001  68.9300334424447
25.8106009200001  95.0719287924444
26.8860426250001  80.1102468674446
27.9614843300001  50.6909777124445
29.0369260350001  7.95930635744464
30.1123677400001  6.22486102244467
31.1878094450001  7.25235313344464
32.2632511500001  -19.6290959675553
33.3386928550001  -2.97258585755534
34.4141345600001  -2.17421635405534
35.4895762650001  -5.33233220555536
36.5650179700001  -23.6645625925554
37.6404596750001  -1.96324384455537
38.7159013800001  -3.17956570755535
39.7913430850002  -15.0926552715554
