-39.453930909  17.2290616169459
-38.387608452  4.09048799094595
-37.321285995  15.9013342959459
-36.254963538  -7.68539187405405
-35.188641081  18.383570801946
-34.122318624  23.3302972979459
-33.055996167  44.9506846759461
-31.98967371  24.8128267459459
-30.923351253  37.5848880459458
-29.857028796  56.598221560946
-28.790706339  84.1125953259461
-27.724383882  99.5695182059459
-26.658061425  42.5103226759458
-25.591738968  38.6528512349459
-24.525416511  -31.496246663054
-23.459094054  10.543021565946
-22.392771597  151.140333620946
-21.32644914  160.508360705946
-20.260126683  180.724990565946
-19.193804226  -121.357413924054
-18.127481769  -441.924523729054
-17.061159312  -431.054980294052
-15.994836855  -328.180608908056
-14.928514398  -135.334845014054
-13.862191941  23.5242396359459
-12.795869484  27.6546334499459
-11.729547027  56.577667370946
-10.66322457  7.81628531594589
-9.596902113  30.2535384679462
-8.530579656  54.9026962109458
-7.464257199  53.6051185669459
-6.397934742  14.4092167089459
-5.331612285  -26.8742176890539
-4.265289828  -22.0126833140542
-3.198967371  26.155354655946
-2.132644914  95.4358559519459
-1.066322457  169.150968610946
0  180.909349540946
1.066322457  121.100873218946
2.132644914  12.913326210946
3.198967371  -27.980235169054
4.265289828  -33.425453889054
5.331612285  -1.41596269905407
6.397934742  38.6012658299459
7.464257199  26.986045903946
8.530579656  42.113192835946
9.596902113  3.68181103094597
10.66322457  23.4381529359458
11.729547027  11.964410652946
12.795869484  4.64365957594593
13.862191941  -128.110961634054
14.928514398  -348.133673334054
15.994836855  -438.365908914055
17.061159312  -343.822116124054
18.127481769  -73.296105264054
19.193804226  108.555538645947
20.260126683  184.805627210946
21.32644914  96.7525583909458
22.392771597  140.519879660947
23.459094054  99.8821412009459
24.525416511  111.058086480946
25.591738968  63.3776415659458
26.658061425  71.458061371946
27.724383882  45.1084952959457
28.790706339  16.1990996229459
29.857028796  4.86338413594593
30.923351253  -6.969567304054
31.98967371  -9.22857863405407
33.055996167  -8.29827533405405
34.122318624  6.95507489894592
35.188641081  3.12563414594592
36.254963538  -12.2948715970541
37.321285995  10.2525937059459
38.387608452  -1.44016535905405
39.453930909  -24.1550569550542
