-39.287115928  21.4792529869189
-38.225301984  6.37661578291888
-37.16348804  11.9255024629189
-36.101674096  -19.0178107170811
-35.039860152  -21.3590006530811
-33.978046208  57.3044424229189
-32.916232264  37.419365182919
-31.85441832  15.8304545029189
-30.792604376  47.5165432829189
-29.730790432  67.0119110629189
-28.668976488  73.4056210629188
-27.607162544  87.6692367429189
-26.5453486  54.781946942919
-25.483534656  47.415290658919
-24.421720712  -39.5476010170812
-23.359906768  -0.78754745708112
-22.298092824  136.660109262919
-21.23627888  193.236426342919
-20.174464936  299.923062902919
-19.112650992  -2.73600737708106
-18.050837048  -504.93793693708
-16.989023104  -500.68719433708
-15.92720916  -322.800374537081
-14.865395216  -115.792143257081
-13.803581272  -6.61888877708101
-12.741767328  11.8476054629189
-11.679953384  27.2579209429189
-10.61813944  -37.0105900570811
-9.55632549600001  13.7078052229189
-8.49451155200001  45.3225791229189
-7.43269760800001  62.1860189069189
-6.370883664  28.6409556829189
-5.30906972  3.39775834291891
-4.247255776  -3.28647573708107
-3.185441832  39.7375277429189
-2.123627888  52.7976082309189
-1.061813944  149.763896914919
0  162.067044022919
1.061813944  126.154579914919
2.123627888  -16.395543857081
3.185441832  -51.8562539170812
4.247255776  -67.2948852370812
5.30906972  -34.6121093170812
6.370883664  6.51290794291895
7.43269760800001  55.5838468949189
8.49451155200001  56.654099582919
9.55632549600001  -19.5012976970812
10.61813944  -28.6197982770812
11.679953384  9.24970666691882
12.741767328  36.2449715829189
13.803581272  3.23239146291893
14.865395216  -278.856073977082
15.92720916  -367.123636737081
16.989023104  -373.521913597081
18.050837048  -99.5631711770811
19.112650992  161.114977542919
20.174464936  93.9159960829189
21.23627888  91.0399925029189
22.298092824  145.742078762919
23.359906768  159.265374702919
24.421720712  108.626518502919
25.483534656  52.9608226629189
26.5453486  60.7518698429189
27.607162544  50.9020339029189
28.668976488  13.6526394229189
29.730790432  -1.85683221708113
30.792604376  5.31797504291889
31.85441832  -17.0096055770811
32.916232264  -2.68507967708112
33.978046208  -1.37427221708115
35.039860152  -32.7707424570811
36.101674096  -3.69851363708109
37.16348804  3.76174770291889
38.225301984  -1.5490274370811
39.287115928  -23.5141571170811
