-39.438844492  15.8699557328379
-38.372929776  0.819368852837859
-37.30701506  9.35272145283784
-36.241100344  11.7316846928378
-35.175185628  36.9019914528378
-34.109270912  24.5869362808379
-33.043356196  62.5757712528379
-31.97744148  23.0457248128378
-30.911526764  28.7733282128378
-29.845612048  46.6133170328379
-28.779697332  103.850286292838
-27.713782616  142.324842972838
-26.6478679  57.5694666928378
-25.581953184  51.975029152838
-24.516038468  -42.7629973871623
-23.450123752  88.6752129728377
-22.384209036  130.707987172838
-21.31829432  106.042749892838
-20.252379604  102.515190092838
-19.186464888  -85.6099696271622
-18.120550172  -356.080135787163
-17.054635456  -491.690270187161
-15.98872074  -380.097744843163
-14.922806024  -91.060240067162
-13.856891308  -10.9885627071623
-12.790976592  -7.91808974716214
-11.725061876  66.121360652838
-10.65914716  21.7427874128379
-9.593232444  42.9311552128378
-8.527317728  95.9879710328377
-7.461403012  51.5015332728379
-6.395488296  -35.6698886351621
-5.32957358  -53.0813815471623
-4.263658864  -56.8423673671621
-3.197744148  -5.40997454716213
-2.131829432  117.530468948838
-1.065914716  176.700105012838
0  159.690073932838
1.065914716  91.863588252838
2.131829432  18.1338137128379
3.197744148  13.6023668928379
4.263658864  55.7879865328379
5.32957358  -16.8172185071621
6.395488296  -0.793371091162154
7.461403012  24.7794663728379
8.527317728  33.8782046528378
9.593232444  -42.9033040271621
10.65914716  27.7771309328378
11.725061876  -37.1249087591621
12.790976592  50.8459419728379
13.856891308  -145.225932947162
14.922806024  -284.789395507161
15.98872074  -612.452179147163
17.054635456  -413.436757147163
18.120550172  -103.957830787162
19.186464888  254.266277612838
20.252379604  298.912282852837
21.31829432  72.5408043128378
22.384209036  90.1655162128379
23.450123752  43.3557745728379
24.516038468  119.567483012838
25.581953184  80.2358114928378
26.6478679  58.9367823528378
27.713782616  37.656917972838
28.779697332  19.0981666128379
29.845612048  20.4009208528378
30.911526764  -4.17157300716214
31.97744148  -22.9461025471622
33.043356196  19.9239530328378
34.109270912  26.5072466128379
35.175185628  34.9540480128378
36.241100344  15.0012642808379
37.30701506  28.0603384328378
38.372929776  11.0124123328378
39.438844492  -27.272693191162
