-39.456046976  21.2982945711081
-38.389667328  10.2167138311081
-37.32328768  36.0837993511081
-36.256908032  -31.5706797288919
-35.190528384  33.1453178111081
-34.124148736  -1.79451006889192
-33.057769088  29.6932174911081
-31.99138944  36.2361468711081
-30.925009792  35.3821548111081
-29.858630144  30.0540056511081
-28.792250496  80.9057718511082
-27.725870848  53.425099451108
-26.6594912  54.1545201311082
-25.593111552  33.5070663111081
-24.526731904  -54.474007384892
-23.460352256  -39.8274737488919
-22.393972608  124.695273951108
-21.32759296  212.447044331108
-20.261213312  159.152821491108
-19.194833664  -276.636572628892
-18.128454016  -506.817571708892
-17.062074368  -348.633570308892
-15.99569472  -247.695149268891
-14.929315072  -95.3497547888918
-13.862935424  112.370074731108
-12.796555776  40.0446513711081
-11.730176128  77.2136940311082
-10.66379648  5.72380729110809
-9.597416832  34.327486647108
-8.531037184  81.3766058911081
-7.464657536  42.1994959711081
-6.398277888  26.7623988311081
-5.33189824  33.5676095111081
-4.265518592  -38.1401345088919
-3.199138944  -6.28543462889195
-2.132759296  120.771657131108
-1.066379648  181.368221859108
0  214.809556491108
1.066379648  79.1823261311079
2.132759296  13.0984688911081
3.199138944  3.50907773110811
4.265518592  -54.4026518688917
5.33189824  -22.6426233088919
6.398277888  17.4059561311081
7.464657536  1.2239591711081
8.531037184  67.3676872911083
9.597416832  43.7470017711082
10.66379648  95.2104374911081
11.730176128  -17.2114423728919
12.796555776  -101.119825868892
13.862935424  -204.967182188892
14.929315072  -402.116525908893
15.99569472  -315.489204988892
17.062074368  -277.534721168892
18.128454016  64.6338554111082
19.194833664  -28.7314769088919
20.261213312  227.643607931109
21.32759296  82.2771475311081
22.393972608  102.222806931108
23.460352256  127.314368931108
24.526731904  104.099845831108
25.593111552  28.5576235711081
26.6594912  109.975046035108
27.725870848  58.8180501711081
28.792250496  17.9526612711081
29.858630144  -25.0156417888919
30.925009792  -8.36926714889191
31.99138944  15.6666196511081
33.057769088  -18.9307586888919
34.124148736  -12.4672672488919
35.190528384  -3.6316705488919
36.256908032  -26.0674560488919
37.32328768  8.64956707110809
38.389667328  -8.48942858889189
39.456046976  -8.85494380889189
