-39.63371624  10.268743176919
-38.56253472  -1.05074650308105
-37.4913532  6.2433139169189
-36.42017168  8.11523825691895
-35.34899016  24.8459745969189
-34.27780864  13.2243205569189
-33.20662712  50.1143847769189
-32.1354456  24.1389807969189
-31.06426408  38.6675258769189
-29.99308256  82.7136524969189
-28.92190104  78.288702096919
-27.85071952  114.858893656919
-26.779538  3.53535693691897
-25.70835648  21.7140188169189
-24.63717496  10.799619136919
-23.56599344  -5.88810550308107
-22.49481192  212.497964096919
-21.4236304  130.307222256919
-20.35244888  161.308887776919
-19.28126736  -120.447106063081
-18.21008584  -399.862450483081
-17.13890432  -383.208886343082
-16.0677228  -362.129166983082
-14.99654128  -239.137241943081
-13.92535976  -0.665664703081074
-12.85417824  66.6443667129188
-11.78299672  55.7176938569191
-10.7118152  40.8091366169189
-9.64063368  30.0477067889188
-8.56945216  -3.07637120308103
-7.49827064  58.533426116919
-6.42708912000001  37.9034009569189
-5.3559076  -91.3808570630812
-4.28472608  10.218244356919
-3.21354456  76.579300056919
-2.14236304  90.6436894969188
-1.07118152  168.771650656919
0  187.070723716919
1.07118152  187.202998576919
2.14236304  36.816566096919
3.21354456  -77.176131383081
4.28472608  -67.7922649830811
5.3559076  68.408100336919
6.42708912000001  131.279570336919
7.49827064  26.356911176919
8.56945216  10.552779816919
9.64063368  33.3848440769189
10.7118152  -0.615158403081037
11.78299672  92.944287076919
12.85417824  32.6035506169189
13.92535976  -165.483122863081
14.99654128  -426.772697943081
16.0677228  -458.398614783081
17.13890432  -310.795072583081
18.21008584  -154.297274503081
19.28126736  47.5723763369191
20.35244888  118.750621976919
21.4236304  141.152289216919
22.49481192  223.949116736919
23.56599344  69.593046596919
24.63717496  111.938498576919
25.70835648  91.7563085369189
26.779538  56.1685472569189
27.85071952  33.056979136919
28.92190104  14.092931184919
29.99308256  25.9250896969189
31.06426408  -20.655404103081
32.1354456  -12.625226063081
33.20662712  -31.5012160030811
34.27780864  15.154592448919
35.34899016  13.950901576919
36.42017168  -34.4147809830811
37.4913532  0.538721616918962
38.56253472  -6.73461774308105
39.63371624  -36.9784337030811
