tilt
15.663578908489153
15.376485567106009
6.533749995410912
10.778717260328891
7.404858234889175
9.650072042440243
9.081513435550042
5.970742197881815
5.259932094921404
0.6734756486268864
5.424444458157155
4.596828728879418
8.47164413701231
13.060860193174925
6.651749624172521
7.841449049278268
9.662715576367583
8.686385284517511
8.665897278328412
7.239148454114557
9.295592908479398
12.111554398549655
12.24222957775034
12.379144988531475
22.409411827157662
16.461584060167596
15.19918239398894
21.90326236626116
16.242220582141588
18.990823600390826
6.619091501542929
11.678940461804803
10.76241616010101
13.218226897878372
16.780161158529914
17.298371025953365
19.693045594243593
13.588545240524478
22.75969295609989
11.024069608146796
12.510708946097909
11.30360619898697
10.250313335569194
11.238291661275076
9.956963540906317
12.298487284622796
11.29075775938453
12.588618352639305
8.086555510286052
4.427441745010394
12.433254600909963
14.730639954662527
15.279694956377757
16.286423858902616
12.575747714922063
18.502903914389087
16.439334718946277
14.656238704033578
20.19610439454066
8.054640597615522
21.711854852508015
29.164170095524085
20.87723476423643
31.86883279929534
30.561005252494223
27.143294705035732
23.07662568641953
26.02787529470117
23.996720469511946
18.041843947298425
18.579359344410918
14.63438380623683
22.928897232408616
23.258517039111553
18.094818894501042
16.0554012479634
13.796815637564738
7.6977615059350635
16.273777763654337
19.52066527997081
16.923234838621465
23.25372566140879
21.461834070392406
13.637502328947837
19.90933890223768
23.620433395304897
19.30479885879985
26.037608314268436
21.20556025009165
20.980469658446587
26.868936251360076
30.538469043327765
33.524733616389476
35.3732389378888
30.35157116197412
39.556630766778646
33.69752715710705
46.328309121266486
35.81655236596848
34.45177811696238
43.54952178952767
42.56340298282332
34.52627499023971
31.959377202027614
31.158383842587295
22.56798832911785
25.29431980803097
15.409190220399323
23.595269270855276
26.782324330042435
28.790965144180003
31.61729059254211
23.25072379326857
27.265939289319775
29.786154442102127
26.73436957187978
28.654081323023778
28.993425611557523
26.10891548920337
31.66178927498474
36.983070129031205
28.937749324538164
31.058222533503642
26.529436576022714
27.01440049766113
27.797034308612456
22.40568595896542
12.992939084521026
13.626329847012988
17.84506107466848
27.181320075692486
33.90620309662927
41.92498861619681
35.22568294615443
30.76751602204956
33.13743798478766
26.355775601280556
27.361249456545426
34.289499652472045
20.931647466259335
22.399888835907372
23.64697892551415
23.679746758057288
21.203086014064812
20.72954899890783
7.320111808988596
8.751875699600532
15.484993367355417
8.354069260639712
3.9439207008341435
7.311797761221397
10.431301395743485
1.292709136516705
1.8729392560379887
8.668865849296429
11.005426606807246
7.402313989423345
10.794373761453853
6.535340575713879
4.2549171429913955
2.5643748870874234
3.8770185710270453
8.005207103497554
14.002554595743861
16.93382675447686
9.143487156984152
14.181946952973307
7.7390312164475725
4.060473183265357
3.320599344726072
1.9919373730788896
8.280931595007214
4.334585750130893
3.806680429180608
12.471724787636415
17.927223127741854
23.498645999761692
24.49122616542087
28.79742308804025
28.068524082836706
32.71547914314802
31.401593218553106
34.334343259467765
38.27476476901275
37.36281157141099
33.834455374492876
30.793767854124503
38.90996553163477
34.047403597340946
36.3606657258192
17.24687822980064
13.670328218098918
19.968643727253607
17.70145463982167
33.005564107387634
22.86823149220056
17.980910122165447
21.48679670426151
9.14971714328085
7.607103551307838
5.665034883463092
7.216103395854934
8.82728184181112
19.307081849529926
21.489585128990168
11.492365306889441
17.600956943921393
17.616727850714952
26.14730115233884
17.03834572425098
16.620893099916263
13.631431998322988
23.88000619697477
18.062904835604158
25.9048721254857
19.145774979449026
19.330668200281274
25.18551830964725
18.258127010008756
20.51579822883228
17.993452057028883
13.5982663072607
1.4224404689514576
2.8522466565925395
8.529126155293492
14.285575436834387
8.58455655550273
15.543406852684658
7.202496805254622
9.257586320842861
11.089386707179628
10.008952379547516
20.59186433807142
8.524865824798695
15.355916452420514
10.012410162814835
16.834030860513803
14.809660120717698
3.9183164560698813
11.878560424261241
8.146615071205268
4.189701216135644
15.359565480984594
17.135932052017537
14.361994154589429
12.8528322678502
16.537028622192263
19.97421374652175
20.814962222026132
16.993462843667533
13.294701964694067
17.674635902045612
20.51279636069206
23.990875535129707
18.041601475582887
18.223856535848217
29.808205707837512
21.429365058625457
27.45135672717082
27.013679912703694
17.533315873023465
3.776365061436329
5.488301604254897
11.077217871399604
4.1802947649880675
11.259562577897789
15.718420204882479
6.491053202248693
3.153370487191361
5.726046828884701
10.169431942965197
1.3688790859755697
9.295931002843313
8.369122997570418
2.639971847707948
17.81006830800321
28.1316179552947
18.544901040048202
7.285103674397695
11.525075082824634
9.776017315640694
6.211892698699693
5.380846080024494
13.948324601281254
10.225238003578786
12.782204696737685
12.23709071417355
23.15841549418314
15.195625572978656
7.7398935278302865
2.847232230524692
11.426063806842482
23.264379048966717
17.86408485905426
18.41640298364546
12.991921386334694
17.42067068568432
14.05497629762371
8.755600714019128
7.615225500004629
5.338251312813002
1.5337833313149494
2.8912372183563804
1.0063879266748876
7.1159318414875266
2.3132533772983845
3.361734159002474
15.160171768544412
7.735606730352457
15.057360346062795
17.19075115029606
16.69404271837981
19.26264805388441
17.727537424714654
9.568689484705894
13.743916676216635
21.601835872904743
26.621498988298022
27.433816801382225
20.678652136760185
20.374573822458512
22.36199323884485
17.37077615379738
15.17854839250633
15.576825260746237
21.15903983165469
21.218585420838863
20.25873722922968
16.411991764151423
27.913395118860084
24.28471368831824
14.158621856957714
14.36509164537803
15.535465050227225
12.909038748303882
14.0943258712058
17.28150216625073
16.357524420615157
12.83493461090383
9.199921595001383
14.020538483828506
10.795522940781707
13.672192005968686
7.19873678611653
4.5751304985467565
12.279586443642078
14.784588203821873
13.568399597567526
12.430034166716302
9.674834893276124
17.363773502350824
17.161447931209413
24.83146350118859
17.712782508560135
16.60666752342242
17.443915526977168
3.2153414338611213
6.677761545852869
11.102074637336573
14.53475525190844
6.604706696264059
11.157486254525594
6.84389650590332
12.803288636931867
3.7747574056604374
8.39365362197452
1.9928214556895831
0.5471546083003798
10.098899994501059
8.517766696930114
9.549337851239956
12.552512265139326
13.649677994917031
14.06199175567496
19.424262282477958
15.245433019953682
20.515214247658243
25.24528758752674
16.06285810698976
13.766323111788862
20.99596394257876
21.56019391708247
13.514740777674259
23.321699704028756
12.532619339181663
17.22951076628859
12.819336166386812
5.798429758613911
15.974011006266235
17.666839241108043
6.383190001102205
10.942781819287182
0.33043070490389176
9.183031390957588
14.289436201262738
11.948785014212728
2.0810248110838354
8.999882429684634
4.115659404211767
1.2733391469173718
5.607486270837503
5.728647423411183
3.9951770016868577
3.4157536982612817
12.525740484913813
16.838357785353008
12.935748203053217
21.977907796152937
26.524322471881668
10.644421227094455
15.00264199307453
12.467849509056078
18.824836343181175
5.175323553464695
2.329273799440061
10.097302584008922
5.520380014578684
5.968443412339282
10.127217958799932
10.626879593758568
13.850770716913253
13.713582952338962
16.301687624150304
17.49725418175309
21.607067797808973
29.157869246014748
18.706032032757975
25.46087397094173
17.97818999932849
16.16189414240765
11.408069673474083
25.35415909534945
19.72673550232468
17.84297615942433
14.623201079018227
9.956943904112453
17.132964334823168
11.573416600449045
12.253337172888072
22.103757446705007
34.31760929600124
23.075544808983373
25.838221432017423
19.816788131436713
30.821054459858704
14.607785342061508
12.608784486163767
6.230171565579117
13.0571420089455
15.601198790799428
13.721230202888439
5.848379358901036
1.5907776314007094
2.2007817194528423
9.158089247655994
4.267051400938746
9.985207226897966
15.601364422886801
3.778542184234271
19.724215162520945
19.635269024054455
20.5820749694435
7.09702288965717
14.690792631044673
21.536399245561434
16.3356712303657
21.432337898461707
21.4212695769117
16.493708147381458
13.983247358507528
15.126548454807732
14.821426829110337
12.461853456738453
10.443629887195359
9.474755600598002
12.124227814554613
22.854350840259805
31.480242846845805
26.661901264785943
29.17442562456286
27.36370149445746
20.22967135921669
14.71721692539616
6.462412511511537
17.629450785591395
14.306210292090643
2.3649645260611396
12.11137595985759
13.807937746854458
2.317817864654657
15.697480552434513
7.171650817189199
4.1102311113689
8.364592874603408
2.803095974994893
3.147902493873943
0.39958450262041967
3.3345433893600647
6.352645395133909
2.9628637046350117
1.6548121489734597
7.342271503977056
9.750199200578045
25.26361810771176
11.127249007069947
5.599652043859499
6.114876691728832
14.559432725379695
6.985333928801829
13.60339321800644
18.61195983731939
19.82479482069126
15.179473883138868
13.018963812806067
5.926255041383406
10.294111923621902
20.439607468640787
14.212496681583483
19.474303663432057
13.030359129662587
20.000969305047985
27.86432533231542
29.770813837226278
25.31939684756867
35.33650959562706
34.92732320773535
35.06152959473693
34.72160474012374
39.532779746196965
30.176971036221087
30.480880303340804
31.536608982971334
34.44511868252162
25.495202501710214
31.877886215040192
26.273878218037517
26.677977822544857
22.008329458716172
18.956676069635346
14.796267827302595
18.285456304425267
16.57025407740979
9.308269739578941
7.740780598648742
12.419781198998468
10.691556362556712
13.403963647073114
8.422683633494367
9.931967609865008
13.06873113241972
20.861206017801702
13.301857441623302
6.541668745979895
7.2608522339759185
10.214498384882587
7.687326684430576
18.348927544834904
6.486943562802461
8.89165381341755
8.161519397747881
9.015042888321124
16.462029730010936
14.13412623727311
9.6559579579575
13.774586786910932
11.839540407306606
7.902762803683826
7.348468193101549
11.70610497790759
10.004982332092446
14.669931525772162
13.540859421060388
13.088184364949562
13.481177228092816
18.16480613537887
18.357755564337147
8.418532586026291
16.731320183322445
13.276823944541558
14.225287918351624
15.223871820291244
11.267325941663154
10.594775997112217
1.425601138989881
9.024322554082232
7.648192261807342
6.547990512943565
8.389908970762061
16.88518214720803
20.990605659174886
12.174967582351346
8.991036480935822
7.767080242047876
11.031550372835254
17.423568393439698
8.264911386308949
14.204148482870435
16.10217267585235
12.061908314793772
16.52684993278165
23.138174228577807
23.786582869507335
14.485671804985435
19.132254619986988
18.975704976663003
18.629639781985965
30.25686717403731
20.810415023586195
29.161338982113115
25.67794762804849
39.416219152916106
27.530539110218776
27.109507466758973
26.016011256112854
17.83906416857721
10.341836162900073
19.733948182088213
10.851626968397838
2.0207138138257994
1.123961415665312
4.024479366999858
1.496194452434842
13.43518956441112
11.88552636344101
13.720740990589135
17.327382254452996
24.577180681030896
12.957911313136261
11.28789676389594
10.01731936128078
12.298407029900048
6.159852206752897
9.847841023631608
3.9699522593083545
8.521754673631754
10.227316088633762
17.451193093537817
9.907306358093031
5.044652216245419
10.641333127815962
19.239799363563424
19.620812928676123
21.048846682227584
18.47547558222961
18.400300812677155
6.630281058950702
16.132128178004738
10.074486337086496
6.131557294342473
14.08272308735324
16.5442856981854
18.3289987603841
3.777039115730045
15.881361197722303
13.10037966771262
13.135439882495941
14.656670713498581
16.78484496075325
12.751079524689935
16.502992082010795
6.820039508906112
17.149186034101948
14.334927822455962
12.000452833962935
16.121356969683625
14.229275895053265
20.75197934014215
20.733061423688508
14.295536413965205
22.69999881030127
24.67558492395056
24.32327352127755
25.16287794009595
22.353653577868265
18.848771033580192
21.18047808791207
20.613119886768498
12.316143323627278
11.527758493394803
14.499728334297322
13.48275927065932
19.058763492064944
23.048510920248464
21.784372678473332
16.676832349218667
25.465989782630068
18.97936083541625
23.82360761745068
37.61289211768183
29.36933531781293
29.881469731969656
26.701511239330138
21.867649759928714
22.58086152815603
27.884281437522905
19.6460999965308
17.513807145206616
13.647535876838585
6.878828654639705
13.055100636157311
15.544769475424076
16.971411577932148
23.84153515647467
18.23630284806327
11.56885318030983
12.974699064342508
5.182096112913586
13.912633447773352
9.2391849374452
22.680636931551575
9.58455686792148
23.419629248801105
23.629713914839652
27.144478035309437
23.287584616671836
10.737369002640927
18.538887058484008
11.149099635998464
9.757779003009466
6.354126692410155
9.35664370060191
11.530475201137175
1.4560248292655278
7.872925976068271
12.30608501630079
12.768412837256136
7.005691307623052
5.459446189445709
14.408661422093541
23.699270853799767
25.17834148837686
17.78650586291396
16.97709600286889
16.159501868650857
29.92452382940283
23.99008664828057
20.604638499366636
19.66788659243585
23.63480069822402
25.631218888841847
23.04391249538975
19.072741474201372
20.260403795387163
26.362645064038297
22.077041161766502
18.202551468279655
20.192197526335416
5.032364279041743
10.502454037648446
11.337513819347851
14.603871643667091
17.50430635207113
11.174715406706952
6.832968630118123
8.713523333637264
4.623299980781448
9.046372966043972
6.5201702986804575
13.695189252904118
13.034948163011189
6.334161622579384
12.131444763186378
9.544560987689179
6.233852183768108
17.860377773882234
20.061985092451
16.260342781556922
25.798466315953366
22.52422901465287
18.059908090105814
13.820781063815021
11.533413890027573
4.696485884624957
9.222429629637514
22.054933546970464
16.116756837277624
15.168214316292103
13.917135396210035
14.216126927127345
6.072636667467358
6.3188205908167125
8.158438982432205
21.1868489468604
19.14843021548887
14.337494266036593
2.1583982612187977
16.57610925707578
13.99565098204027
9.451970089526839
15.587072252048548
19.622998589210525
10.966916292719423
10.519732708701286
16.181367011731357
13.311161013046505
19.74857844729038
11.766412986957864
17.25970361751463
6.014966392097178
7.376983379112707
4.111517321366978
19.613762465905378
29.52373515909565
19.855233558727424
29.3809124884561
19.784375468730417
17.92036561781516
10.73346384198297
3.387551420291476
13.88795512052845
19.75225650415843
18.506691254283858
15.188457289444727
26.29884768209579
1.1379762167902376
10.398354270734636
14.33873394537095
29.49904744034064
29.653532658987988
31.363207555417635
27.693857471010244
27.396278081703834
31.51799671748305
26.68276237005845
34.0844949396287
28.220910725861568
29.969237662804318
31.464506090998096
34.45053502253344
33.924255286605614
26.316046098425883
32.721827803981554
26.988804363746507
26.931427359623815
19.239715693746092
25.6428455783565
25.948260902188206
15.699423741253382
17.576680744063875
12.06473515933651
13.093039775675795
17.999597519734603
14.116998684155657
18.667916162094716
22.731446708787303
22.788656373275327
19.124406732630643
19.373768401491347
14.599671077327534
16.460788343129288
14.996465794517546
17.58588442397047
9.444459442760763
11.5200147664233
19.881451239856517
23.805931087878687
19.462765766376613
32.18974240725922
26.565609257867102
29.00594876340074
9.844285910168617
7.748282707678355
5.884764630383341
2.032976778150323
2.5780773137795268
6.227496265858588
3.4135750813594594
11.824333844893218
11.303362019724142
20.593932177842643
9.268194458397538
7.714163351453203
12.658126626501586
16.847257521841534
21.683931331633712
31.749960186980438
21.319395597893667
12.952107359889043
8.808077911185983
10.62569455593757
8.506554087633893
15.669218937196293
14.312290014225601
18.700750588982263
25.639538059250924
17.68028105339463
27.802095478787436
23.12261164255393
19.034850999780726
17.75639497395796
10.878078583506005
15.220606989867978
11.19591204502244
7.272677852750149
6.401532901005098
2.9803210278233294
16.883664137664994
9.299630404052522
26.393176009628252
10.140920172048624
9.973600174177175
11.025070230860203
13.110304786350294
4.4530703223235735
7.637279327060954
7.126455455451224
9.044613338559047
6.661589365445571
2.3217832163546728
5.818811469984052
4.677594862041172
13.645306673848223
8.236233983305004
10.926128110543399
8.829462379703646
10.063879907079112
7.838719534931201
3.5451392523693026
10.750815083795743
3.7579124516198936
16.258331290846353
8.336044391420048
7.736799452136271
9.501398461002928
3.6639375863769805
6.044032262110168
14.165056748929512
13.947602308776524
6.182249677701838
13.551852610529522
5.135455312392507
14.084477592196288
26.599288920664435
22.166205866286433
23.875366790981037
23.4396058445761
25.208556537717705
18.493667791083936
16.861285022849447
17.7447238882137
23.655781331807006
27.616896606989833
11.567082453767505
12.48631236415627
14.058379439377669
15.944897324929054
20.991169149781413
15.281341031967731
17.465456236072097
16.692319803161674
17.56806275287861
7.03868197508786
1.7966761385299765
12.9400341467574
16.340199645785418
10.893666782739267
10.56300366464061
11.18258976104633
10.476154394249313
16.239584129121962
17.731025943833238
11.746752287431981
3.366273673479594
2.868670913668893
5.7484912573841855
2.69457109927256
16.805067443338366
12.036010798782023
7.9982155511084
6.10313132767735
6.281569165970287
12.65804807932613
11.176318793614612
8.044251026114287
11.526664809353953
5.177291928606127
4.59670066283248
11.548963669446753
10.416484154112789
16.57445805884393
18.50777725436189
17.008996401387435
19.251195534193588
17.042285035854785
18.75912821581836
17.5422139019647
16.204707475672585
15.628528085215942
19.739489173052387
20.65837330511442
20.330643753264283
16.732875758905916
13.31421666892644
19.791902337195772
10.450108321623116
17.385377390695574
8.822272751828562
7.918569568970528
11.296931396620575
17.496755577943677
4.883268933423181
8.354187081402893
4.904485635419356
7.800390220856382
5.919172562100926
16.826104425982006
15.350472791652015
6.181995680042078
7.329406842675337
3.093324373207075
5.994268357591101
8.977565640345263
12.690470133542535
4.494052311117296
11.239728562321718
12.215320339967782
18.42353711623354
18.364391093115813
15.026423004217222
22.033222083146285
20.00617049410095
13.087113732797162
17.77438227713719
19.29689462238285
6.403125188855356
11.546592740031112
12.487986614276569
10.819272362299488
11.30914548240385
10.026365946836464
17.44145495132867
14.29014141829454
12.085240240998536
13.268136797690948
11.724555880176734
15.129859389007896
32.636764628058216
37.55657037778591
34.54463453872871
41.5783257799674
44.91115756661014
35.29541234739109
37.12232744092401
31.108957178658496
37.63085551519897
28.364315670127866
40.58921876550117
29.052448691270186
26.781286141288593
32.18799046373711
27.270203034909155
24.86035007873587
25.839601130229767
28.741593121764566
23.423795664194813
20.010671588763987
19.731602012108315
22.023615422078663
20.368845001292165
9.985384811816386
15.03798309938747
18.63471632008658
13.428852856408641
14.56024722543822
14.272352190601243
12.206019329865518
9.834593017962723
8.36435808685069
4.878773815175666
3.5974969212256815
2.993559641982107
5.947749219814614
5.139383524938911
7.366709067053715
6.184881008079586
3.62168987815269
10.311869561690289
25.368041454837503
15.459544082507948
19.11842348691771
16.67066639594544
13.937028322167698
10.31104908521624
15.621694480951344
23.996242356270045
15.277946427950233
15.233454575696772
25.146929448383972
20.740315084587063
9.392014688992468
8.775813805094135
14.164177362073874
9.643489447627642
12.847457762747046
13.13217846716726
5.495866038760686
9.485309950412963
6.6546968507993824
6.339297924835234
13.327674702912303
13.10491405954786
8.71748996599775
13.052273791614573
11.07707529120068
8.697638874948753
13.891753559480623
18.282908643864854
22.011399628748094
20.679475174555172
12.746390599824721
7.635196973137746
0.923233041572627
4.555350697597222
11.105833802701019
17.623136275703718
10.767810301998027
17.731271830643358
12.737363651062903
8.256686984774607
10.898129457588224
11.161403368014597
3.723784557658279
11.226281627393256
9.903116890810875
10.219137790876317
25.12711165450718
25.075349065882236
13.28129942599521
9.213561482773898
17.40637339220419
18.34186342168582
18.739684374798628
15.43460535430094
14.968050500023
19.66553359226678
14.566983499507144
19.67609477227091
11.572871892862736
14.372934410092498
10.362000588877244
14.50293340056535
19.56768600976447
21.227754949799607
20.047972959368717
13.502723059829622
19.98379820947457
18.365246574309356
22.02452725233286
18.03589997517322
14.134461770316086
17.552713610266302
8.293655383657303
5.741906955024293
13.746877563221837
10.838667538221385
10.723648860145664
18.09184946975938
17.047563064535915
6.3752289887377325
19.317892331438763
14.60582166267513
20.439694553552705
32.27115484707119
32.939393234708554
35.192799000395404
30.950346525752458
31.858946100471748
29.085223354002494
23.38024467049952
16.701270766068973
11.406515805437905
21.522272706810558
20.126388653682344
12.391214786568534
20.559477288574513
21.20381342921142
23.357626499063024
15.071406630090927
12.328305329218132
27.089535993625855
13.399823698662441
18.92486958621789
18.791404274741257
30.057067065341514
23.083525885028532
14.810168969810864
13.727707783542549
14.862076699955669
14.438645952549898
20.83414480831011
25.70436167711622
24.629636533856594
20.967283978253878
20.00470371097669
9.03217897917504
13.240968866493576
22.390135325772594
15.306510279059228
31.391470878203148
13.048023706403532
25.559495072367543
25.946411628470425
31.184509316162593
21.76141129003104
15.909592077109258
11.761253632813565
21.889663459623666
23.825366391161957
8.066428650349318
1.3070109123084768
14.03659967366179
6.261905905123466
13.097501596751105
18.046123060813436
10.787059482626415
5.008402694772869
3.4479300791109773
1.5169771172536042
5.7519678236717215
17.877806709096813
11.236118807345367
11.50661735036632
19.04074545303445
18.685683191673213
15.222285508856508
13.613190270597176
5.659046515108283
14.274471256791239
16.337407805962176
14.75978266430368
5.822885677823964
19.39583845024695
15.553979985519836
13.925524576058104
19.555323367366746
26.884353695864085
24.26002426201594
21.27496863243732
19.432876858568637
16.840492219468636
15.715708619781983
12.094011911440123
19.985457945442885
16.887285845472395
17.49992307817127
13.082844864565903
19.202433106161575
6.1879550200929145
8.109949761966993
5.708117155426594
7.505638529866359
11.088179471243828
9.944928747588754
15.19161112929398
17.665961561799698
21.57413945582034
22.06827973660867
21.175959917776108
35.956499526967455
19.19995203994557
12.267617390895277
11.352599999677118
10.185126010130594
13.421527478523803
17.915048315546308
36.55631649459422
40.92528114813873
26.57199377719377
28.326300544754865
22.38157197610069
25.113307842194583
30.4999911726385
32.59380615327342
35.97768335867825
30.99259124576899
32.73424850298722
32.43487106638181
26.45838724072895
36.36245182028716
16.762421449708096
19.778957421171306
18.7903233973051
17.37501940881925
13.409855539005896
19.634538193813263
13.66171364200824
10.176586566120784
3.686580090362396
2.3351484024565066
4.015613781457183
14.273667855790118
12.90016974766662
21.952671954717033
22.912340853860503
19.936589649478737
15.585508138728615
15.673694418649943
13.311413730045796
12.211025858527137
15.173420627986944
16.288542925092614
24.351366089333812
22.591443198727674
21.246158894518206
20.970128752043188
24.89953999664611
14.460283991840498
10.21174411109978
16.07397594741125
10.973987246057678
4.917251685864933
20.26841048464171
20.190127979016903
23.80276700274568
25.295334091122715
24.393265884797255
24.018578782403278
18.762801150044535
18.79918556775319
11.771803713760296
8.978135107367313
11.978340950298666
13.525594802039056
10.675769234063873
14.359735069521447
8.912156333758636
17.66730027887702
13.915388575329805
13.818021667390335
22.269608100131258
15.793553993299911
13.55827896476486
11.728840116333624
17.201102301983216
10.449016345129559
18.706469164864856
14.400506176224546
14.45358016117013
15.498494943797239
19.323291595977658
11.514626600941806
22.233650569245725
13.584591414768687
5.6144372689784605
13.190747339300119
13.475389496544876
13.350928935715258
20.592514913589863
29.385638979361747
20.176430034636443
22.60135209566607
23.31357177891644
11.521998082603542
1.0260289894069057
8.448129503247248
2.807143288964949
10.183947802498766
9.322194787749304
18.928766209139383
13.08706848279391
13.286159959363319
11.555358434057178
18.988598666268693
17.23843270089192
17.468903774055658
23.866885403579175
19.933884894567413
19.237331957725758
20.34281856545983
10.019949837884882
15.131638653286684
10.48839323946833
26.045293984631993
26.118172103076027
21.717790286896758
25.807299458097482
37.91854308303991
25.917837532077677
33.83191454412163
29.069090447182923
25.82614395001755
30.715999320234737
27.60787734219083
33.67484068377885
34.26727763200741
31.801473473700675
31.51195883025676
47.52053913145972
44.150974587460645
50.09786320343984
47.305903851886654
36.41202191818853
39.72930819428032
41.30967394934329
32.329197794637956
41.033724061591016
44.20652451598036
35.80500251608199
42.6428073470193
40.78731815709364
40.28330483786006
42.96444437012979
36.71155303405027
33.98228115869946
32.9396322913295
37.07892158874858
37.00450667774129
34.86965592057293
36.376313689207706
33.54146074966684
39.91547524539278
33.544185995145675
32.00656014881406
34.78685012217028
23.7956328701576
22.47076058628272
17.656382221488755
25.086740113870526
28.183115874089303
29.393176093110856
28.92810851252469
27.546627620808742
29.50030761024251
24.2389872793723
17.21892397307507
7.7940466826647326
14.262887255958898
14.729793011205446
16.952541472802697
13.869959279612758
9.890758517281384
7.024510186333729
11.890566189274832
5.562288774665413
13.039671238822253
7.06055352147071
3.5875231374901704
4.0128817057891775
9.363426078447732
11.127815058997413
25.790374249334192
23.603834328074473
14.538633091809714
32.8418513031716
32.9856882569029
4.650547312927921
9.539987322266208
6.53260935381952
12.916329121469225
16.89660734614217
20.45959601724683
22.632248456376622
12.808156854262794
10.575608778753868
17.315567734736167
6.8885450256208705
9.506217159462373
11.630489661153671
9.49659683801641
19.247652373561646
29.41091409438538
22.24538141914522
24.694154500756532
8.89507744573902
12.326657546080867
3.6030443154922014
2.41727054161192
4.85264321895849
8.558480600798914
12.240989044642335
5.2547142572823375
9.239120904421732
5.66776738601792
4.01376023887117
0.7203645237530536
12.27921675965325
16.422817613985895
1.2558532223119045
9.0116201097733
8.292021260898377
7.782933964885122
6.732689927158112
13.197046481262163
17.44566917804657
23.490456602946846
24.70734530359112
22.88367454991396
14.831528678892786
17.775758560254946
20.75506317055241
19.57686066136709
23.71414359071747
9.669610652334711
18.6264432534544
37.07680423010587
21.84855255100936
18.34739758246082
16.313242596678673
19.913510440273264
22.275726242080296
19.88174152289624
18.02308995538486
15.619449056261702
21.54490112353081
17.54974589307193
29.032644557771736
32.61650287188537
30.893430559398745
30.170612130103805
27.914839703869543
17.08986754870768
17.460471905525278
10.838540325948093
21.358728949776477
8.818108043982146
5.530063088387647
1.6879480646798362
2.031243190761609
16.66724959381314
16.032740387844587
25.11885907844251
18.712995410616802
21.41854774652745
20.13107245590568
28.057518940536525
14.747298786048189
7.772814185856102
0.09278741284332243
9.26707089227907
10.564587414754406
8.794417532845957
2.9678147380096247
11.282208070090967
11.061974596719429
12.392312739477616
11.618948349003642
4.848725678582665
7.680941311330261
5.859763576700155
12.960667294466361
14.950097347789622
12.244499761875723
13.50067571062591
15.821033551878166
20.84746026209705
19.541401734290968
5.459482047938851
8.897396294962238
8.716769381040313
7.595330866499674
9.546249751961463
11.00088196968825
15.010409625708128
10.117307354314244
9.265161854406053
13.079812260574418
8.720374013374787
10.707229085380952
3.9819699771529917
11.977254950220633
7.347721141161079
12.414190689162812
16.155463519304085
19.55673038633577
18.314300193290233
11.718150870282553
22.496496739075326
12.961992351165344
19.780874996780785
18.1715868056774
19.41346716849475
16.178179020936255
17.642110541218013
14.48939938072497
20.72887451772729
23.217366856909518
28.655314172168964
26.490386676990457
25.112518955345447
11.975757431245109
7.295491538351638
14.473297209756664
4.703987566767747
9.72489932611867
7.726213512696398
10.727135671716955
14.883233210909783
16.623435637834802
10.420034144933902
9.14782688842805
13.802412977589563
6.332396872452582
13.671787317260362
14.610384229040697
22.68117651649601
23.831926787859757
9.617850625030707
17.397089457574854
12.313485526266497
7.228462623158072
13.102397988612358
8.402117933903458
13.176701909045635
14.35684419195524
14.533939044302622
13.109190611741935
15.927659635011235
10.616819578884787
6.370306129893446
10.39752184142954
20.33085890422314
25.77117629512458
15.231166462324817
22.37715796634957
15.524302813576131
11.481716188199746
14.531883157362449
13.190073711893227
11.611365985251282
10.540307799802303
15.022444419025689
11.645269336743933
5.5801236792487865
16.277969792257434
16.64046159188835
15.065599261749123
13.942358431041248
10.510432552372668
20.04375019491436
7.576912407629089
5.504738027605709
10.86081954924703
7.358500887218653
9.250535858072116
12.670089702832863
15.784051492617131
18.15876995569987
12.558200105170654
11.691991245761404
17.237256200807384
11.4571386062451
13.314468532152084
19.350972645136427
25.25577363545
18.233596385604656
24.43636950110191
32.50454582610511
29.72256196583472
28.55861576899451
23.53298477581393
31.451412618359182
32.9635038024787
22.306607234865215
23.314459703508543
23.2581191805924
24.381545280181513
26.456992174590972
23.77345524592257
26.996696647332456
31.374395405278115
30.92554952397073
34.105726582663685
24.439052057898433
34.749448006275294
31.84884083559471
35.25470100484323
39.29306742708619
43.64312953210269
45.30809401022543
53.102323400450466
47.4785437133479
42.28793462340754
52.92512097262365
26.987359778737048
31.53628454898576
30.635751427676258
27.019746828233956
22.52994417544088
17.041480781080015
7.946087547362863
8.71776061224361
18.196044005547925
16.459354003403586
27.576437981441263
22.40379570411262
13.8877271629649
33.22031208508201
27.442909490714804
21.386775414055844
12.342164636817735
10.88050330066136
14.254138637405758
5.366953048365865
4.681864584046076
7.822326227149524
10.63620877839116
19.317716454067636
16.003445706494404
14.392183590720885
15.61954980155196
12.680423779047093
11.384980218984856
6.303318195834899
6.308230809395431
7.905494879351831
14.086301252704681
18.02286968178413
16.3102748794843
25.146367665324735
16.10937340278484
16.311576030521188
22.7597817485591
18.738919393611585
33.04658622354273
26.349459383845584
27.53820087492024
25.327103008499737
19.406355234021476
21.85302120227384
28.662205833041508
15.629224764511283
11.566298689560245
18.104767065027165
16.55998830308726
31.487633111527757
30.91537254210741
35.907813938563606
38.12575053189058
23.176122759606397
42.65420010255488
28.379767265577726
31.179485712028047
50.409125169201076
56.32601217925099
43.78634152352493
34.1738269837833
14.657816477731851
23.533669502278222
33.79270584319117
35.23179255036701
38.30043261991366
23.699779702892933
29.563780558199436
21.138168481098425
21.675222840441943
21.18729290915645
23.240944669924403
20.856506847652735
13.343192038932926
18.252403311484283
22.070943510384975
16.59275272053581
16.31448227601303
13.03158600239225
24.542203282291258
18.153377521350148
23.122046444400112
23.585268166363086
19.88750449500844
16.044110945265366
3.0414375605166035
8.614042482149674
9.697669069445123
15.02299766434846
22.447158867605737
10.807331484083013
11.914062893793322
21.78971900904616
36.44460192052949
30.17776675325939
17.404763175107362
15.37251722719823
22.778983117863298
16.66960771662409
30.980354961870912
31.946007106727315
27.60722164403051
23.857505846301454
19.12878488388862
11.91464175232548
21.080231401463795
25.311202328111946
10.538421813817735
21.95018747340644
20.85487613998839
15.844090562968836
11.613503834461495
8.129437999216332
10.594757214091999
21.784475131310884
13.23133317712198
13.814675728470675
18.60110666672824
23.753260084094133
15.352820669179206
14.697322291891206
12.037812261175613
10.792842091532478
19.784597449878444
17.31699012163082
14.252764915608939
13.46417347215407
10.684964376234003
17.125763607890683
20.781077653553698
17.949776412381237
20.505933728123487
6.827742681629417
19.52239161028353
17.935730128353107
17.56707749809084
10.799769610898164
12.002489937882892
21.35705896852441
21.441877965184922
29.037999426081026
25.385229625883838
16.95036264245746
6.196440249476186
8.301606577624844
7.144930263382462
8.333288410089947
6.618765360010061
10.84286212814542
3.00172278525733
4.981770933425342
9.160642030858286
17.086590765453366
15.570807864087456
2.0911571832741376
7.226942906067745
2.280360253472661
18.200036251117798
14.454415151796164
19.026472065216414
12.564354959386481
10.211917427149968
14.921861345760789
25.70538449794443
17.41257008132869
13.78883626906687
18.93797501168785
20.413254891275585
22.875022407782847
18.85593760956683
23.421244588539814
12.053358625500207
8.914977201885852
13.147951935281759
13.077925420816202
8.012070589839771
9.142713638060648
19.416784932884084
29.946773170624148
25.649180578811688
35.70532956552399
18.544342672083555
18.38599327391327
28.07252998878492
17.627184870334244
15.495810679453424
23.140424775909324
25.998753075627526
28.919960096844864
27.666458167154737
31.589119477310394
24.965574265541793
20.068535243865043
21.551493963627163
19.75876396689016
25.278041759691536
19.54064529084039
28.946345117608622
25.514547304986984
14.241427655360365
12.10771327091517
14.670889459803256
15.905504208891006
14.355052974845403
26.572772418759154
18.792391237076323
15.647924114911484
16.750291033742155
15.255949803728209
12.643593691495091
9.778752806403283
12.659747088882172
18.458623797999895
25.305651091864018
10.368245089325928
6.295786204727667
18.0724841759151
28.183983308113895
29.72159207897258
27.277029808984583
25.62749131310231
27.926087317885262
26.97114490964744
27.447466934438495
31.148247841858993
34.88114088366231
32.459541709663895
31.912433311862117
29.414482868226713
22.772296362665855
25.540587401197655
20.76405340704744
7.931499117069362
38.97817863087568
29.144632339403262
24.68928286833102
18.60286202534493
16.892446053390337
21.251322517530735
17.069530660453967
14.814255130481824
14.622687107283184
14.15630386150814
28.17522529805065
28.15862281572564
17.308554838005854
21.42263390719841
20.315352667259916
14.777146712721144
12.347516090032439
20.89155767092595
24.047064086336817
3.9865406543682
4.861436233741235
6.772886444197283
13.299527493342682
27.761385843786865
22.88917285219582
18.098502074010973
10.705978306989193
5.377713584516397
13.18702061733423
8.759660407707054
2.0833746096017314
1.8069944199317503
0.3663747088132161
4.488731593753856
5.034349302769278
7.035336889941846
10.84456796789063
7.927686163965203
8.04742279521011
10.80239411108674
17.210025944133836
10.951575687843574
23.589304808162563
22.617208379824252
17.864865208166933
14.879681512541376
17.033368223893333
8.941054010363315
3.312039196705342
8.076376820875442
8.832020285547816
9.633781187496115
14.05157315586975
10.701786278386098
18.862149666616954
9.15744550232672
6.282068623553343
8.63485748364529
2.2759786871200975
10.240424929198308
6.318541406834388
18.562353880924878
14.373402278050643
17.059474914448415
5.526907967877924
10.954415338991007
8.90452530490844
12.111164223993319
22.035151611586812
8.14041923585442
16.23462541178453
14.764259853304623
18.432762994254933
12.441960530780792
11.027962815973703
17.244434729625066
9.165017620795325
14.72491796368535
15.929787238937694
19.1440042529067
24.563054142280016
19.933063564319717
16.470260107960804
17.669494477147886
11.910803186011933
10.908763208352287
16.63164723276445
23.359074499167065
12.624919954304277
17.51355784330191
13.065679745408016
15.229528924471307
22.42893421535285
15.941975711511581
19.528736856022473
22.85099209473545
15.129099530462732
18.965693626887056
25.049098941354586
22.11964446671446
13.978385117592126
12.390482248780051
17.427058620105576
6.183169191918851
19.052737557669698
12.554822576626082
17.6090182746893
16.93881962276014
12.78016673904408
24.67362124456418
25.984740942545244
25.236109520829533
16.508435742779298
22.507660683273713
33.57281473305178
18.258681962878818
12.529345971021934
21.499724544813052
39.276832067429076
30.165953941089857
21.456634588886732
18.28717580454882
6.0603572680001445
0.555671213865151
11.463910738807169
9.129722618259285
11.351159683535892
10.83363539635038
13.53204676948378
25.68466170400261
12.446967913216056
20.109200482636005
16.460173626103987
3.1933469440732107
10.134188166847931
11.678096933442307
12.917841154596736
9.346786883855936
12.06014356466697
16.39608937621634
12.694014147948126
14.125130878136204
15.086214480211513
19.465082908052537
17.14606976029313
33.00971344730842
29.445440700639796
26.119249565417597
19.453271803430294
26.46142325981502
18.92291102947339
21.13612283944201
22.62874115423782
12.875702302512343
7.009050480034229
6.053592819400893
15.885653971615657
4.8070939680441445
12.621200062527558
10.101528763557868
5.794574970601085
19.72843451188072
16.74512399563504
23.365860292107474
21.12091713080227
19.43680763243598
27.594175982715786
31.524229265100686
39.34040063803438
42.880217892379775
44.5406539550828
45.848843501909926
28.660389002722283
34.79454774536489
26.97280806071034
28.292779683855738
32.04700852907888
31.160613899351304
25.962665771147762
32.72714852134499
25.77550321996378
23.752496810454385
19.661097384400858
19.708900170854484
16.091432203382507
19.333743492955072
13.362164596899929
13.478451982613981
15.39939402158223
19.109651816476124
29.71457064450581
23.754641489853768
21.084133147027163
31.23658950858394
29.373870563421818
35.19220477393761
34.27149868891448
27.47465962507161
27.17869557550391
35.26464576027477
34.03294750196262
29.823563388186287
28.798492012645358
26.579588947550825
22.65729646761035
22.958516347744375
23.52011840696492
29.056519484015514
27.083108785616872
38.22308755775243
19.327469964202415
16.547787877682325
10.412044531152281
17.118048909223152
19.564238471780907
10.999611554502627
11.440690656950064
6.019136649472294
8.719698678420603
16.644718507288562
11.062544063741479
14.18949943464805
10.544768767103967
9.357546993119644
8.985309367316766
10.794227766160343
14.21252485611381
11.921372049978881
20.472771452155786
17.21476951051241
23.12222915196041
4.36237565542956
6.840714491523741
5.802484756546782
8.47558430238976
12.279008438883565
11.370715368903284
14.41335376205334
4.261034431166788
11.070408172797102
9.675505105588432
6.8826484379330335
4.6285929505013845
4.063944200024192
4.697861740855892
9.62159015360129
6.670797314220395
10.239579693288519
22.91474508044835
27.659315496830196
35.821039800253175
37.458307861291516
37.82447771779049
34.095071487558464
32.08874781509682
39.0627466180842
39.54201757704941
45.86979169209436
42.33749789111973
44.094099602241954
34.617229204322186
20.973448223979815
16.369040119555798
21.87369106224959
21.822080445333683
17.52384923083383
15.220803357806615
21.61611779845924
26.539108123887452
33.68106298611273
21.78539379175425
25.760271898114652
27.1647124707256
22.33791511447326
16.133343951677
13.681262497186463
15.935907088434025
12.892641171653974
11.60892248507571
8.259159513254152
10.591617888394731
9.760760380582177
7.489804443822978
6.84985499218051
1.4670043583563233
7.73004866391536
10.756946886123123
15.811285164385264
15.436760278984078
12.213996137042445
13.509610451833932
12.511701884848499
17.920232429126347
18.535407077101887
25.24695244613693
25.957843657593735
28.20852930044363
26.48609048800252
23.95638137227385
12.190099012683863
12.015210311438395
12.203273593819171
15.575959534268938
13.490520073103747
11.836278138204278
12.794100324950907
15.142572078600582
18.967385806253926
12.007185692937275
14.120288274014664
13.668406373621206
18.487110809480725
17.61353302973068
15.754621915030839
6.949382374331821
4.146379033777546
7.404805300923107
3.4671267526601213
1.3498770728177711
5.804916303891307
8.99940260889544
2.7485142257900286
18.297632824168108
27.7798051564311
23.336454620183275
14.822828725437482
22.972048660037462
11.619507570741938
17.46499007566124
17.91125073036778
12.468214070403027
18.684989927472458
28.041780477141522
39.816884879818225
37.14352493301314
36.947150164186105
16.692724491869996
21.345644014874026
18.51774762300282
18.385008019125497
18.184460004715582
18.457933948893725
14.647354335470684
28.741572631197055
19.461515841758498
26.73800664761281
22.936215780104284
21.76043457297973
21.490059827137483
34.11710226272634
24.111867213634607
28.977716176466494
18.203174723041418
18.423472229436424
30.767741418292168
26.74753134641039
39.115393716206654
42.405403631848
38.18110921511354
46.34038148062448
41.770462416414446
44.93642243635002
32.33927915385289
44.092074451153046
30.517029079523095
34.35689312901256
39.318933353473035
34.89230482786069
15.979879846310567
12.391230154494167
20.4941550668998
11.278559041526886
23.854744742329476
34.32103122077541
38.11062849306817
22.723163396871367
29.843487049995215
31.927162614807248
37.48660875011747
35.26322166583282
33.503894709231766
37.08840872150572
34.08579267557101
25.348216830771538
22.65167522192343
24.10625621323144
14.95741589548529
23.27367322887981
15.55709967442324
13.010668548059087
28.954298872897102
22.56399266845339
18.821025097624307
13.955802804648771
20.144017371930147
16.360579222721444
29.489792534015272
27.239791617629674
20.581151186358255
26.49703074350559
18.798220803532928
16.562863812727837
13.173495989003959
20.49329617061167
6.556191008815812
1.7601417768246959
11.6491599832499
16.90263328053741
20.324194347140498
26.56055491788129
24.03823777438187
19.214184446628582
14.826192593603713
18.622818130552417
9.2642286798107
7.448505705006495
5.242356737526492
10.735535950622424
15.2179141877877
9.09910885662564
14.505878919644918
17.924248580358313
21.090662807873695
29.862393013617808
34.69357705886459
38.05109656426234
34.818764181067166
26.05370194750028
27.699214046866825
32.11309060929875
41.974821676381225
33.73119998971521
33.21243687696898
36.77535383108736
40.09845601325742
41.52612947433016
35.721728849721195
46.11785391746547
33.47343889572268
39.89535350809792
42.65389615913682
50.53047714018469
36.83730023176479
39.512671669280444
35.297598007925494
42.5490117742421
38.12056641831054
35.743920134334566
34.362965167184704
32.54228262126943
40.21483902161985
37.53216269678687
33.86723686741435
33.12737370104564
18.658748340681267
24.37944499701173
38.062298074501165
33.843317544940966
32.632229382449324
24.552412707553135
21.893437139140097
28.871520395251135
28.626600056898234
28.02172362664378
32.6164516454666
28.217089235020946
42.459884635762606
45.85510678537883
43.938490817476136
38.52945227787877
37.09481202385261
31.952601654370962
34.40650079295437
29.880195901689447
38.19112227243677
31.147462370104442
33.62372354803047
34.28779552027413
30.38232750380669
39.63457005539766
26.496303328358984
26.296079747934645
34.400886377456615
33.19889944203402
41.3648379721749
35.11070354166644
26.47430328904237
23.325312874099694
28.457655327777967
22.93568131780173
26.539374501265083
29.459705550721367
23.263549180982558
21.940591057622573
26.392269302015933
24.74091226826715
30.984494056507938
37.061948568661094
37.79374528162001
21.8315966063948
27.567790961952024
23.000399067734893
29.876169505173724
34.80230001007285
37.12056866721273
33.22616555720071
22.58071980173075
23.337040308904605
22.75558801240871
27.113412627416928
35.82259366828936
23.836514967434713
26.674791539297047
13.325911660332794
21.90007608301335
21.96102015343008
37.31187543567562
21.71445886212908
27.96441833950737
17.346223331278477
23.985860468731627
13.92572350531768
28.067789837500932
20.70278831773972
24.350578910031967
18.904590754572123
37.54681003746196
26.25194306551802
21.325105636039797
9.31645828262014
15.860506922638962
16.667642329690416
26.534337236752197
39.80496619971655
19.750123777590094
31.356247592653393
34.52825574509902
23.65500610533621
22.33318008583115
26.8143801153646
32.99589597461748
27.471973653180502
27.33136225628474
27.422287442063244
20.701975525228487
27.37358819328105
26.347813308255613
21.341919854229076
21.75556977074339
22.23520272973461
17.969712027021213
17.675175486990046
16.575175228706783
17.81576127067642
15.845929591402863
11.743262914539752
17.09068034121891
17.88076588855472
17.460278952681225
20.047076497040155
14.613579050024972
31.81520898412157
37.19089571000176
37.93236055573084
39.1767219847642
31.78419309510054
28.926097021814122
22.436558414013877
26.760950960582175
24.126232809006435
21.71584197543601
22.356382238441682
14.825564216200073
8.601926580335718
16.233110817336083
16.079228362882986
4.211706804980956
10.04112598563286
10.455059354997728
9.038920375885843
13.50168487107578
14.186086047610337
9.020751218919962
15.135458436580013
18.46999947806255
20.268104833676354
24.467778126000216
27.29742475384624
28.004564483901415
32.64092421326275
24.040744453807264
21.582736956438094
26.26307456631785
26.598068024350294
25.16228371363816
26.823184229204745
25.625005124244428
34.53700863252038
36.6751481257741
32.235081202969766
27.57550224552497
22.94229635601289
20.212607839122708
20.4534983658653
19.630644985986354
15.381403303308417
27.616934173030266
23.012345068593245
15.031690787614595
18.217347365569193
29.013830801702934
23.890026084487175
19.19159018085418
19.88626993831596
21.188927031915377
14.850755661406371
22.210615756269856
16.054549181864438
21.00856905669202
14.769177589507033
18.589625118733448
20.30208843989175
10.954576702210149
8.931248420036114
10.96519252372764
4.053473946913386
23.75157131982185
21.427505539623922
18.257527660909087
20.279685419414108
11.7578521986069
6.239762004947461
16.72068899387932
23.911588991696906
8.520233248994135
18.308441598529654
16.54488504728507
34.33615325959782
34.19585434385659
27.22579826756761
21.466490551859064
23.003214813220232
21.91622948040043
13.017462878735957
6.014673120849691
5.35291444830055
1.342025983810253
11.503313246355326
7.254012653295797
6.894208959990103
9.941131162410228
3.9025925068268656
6.678965366694084
7.883340307005248
7.56312054814754
3.3490142123337945
4.498974316187937
6.303504745376605
6.062459258717216
5.440784831972764
3.7014750253949016
6.6140824115603705
12.066891791566942
7.963287671240248
24.89717162855141
30.6999278851177
33.814620505143154
43.4846896339259
42.86986332559804
33.10687630334644
32.36396004241873
26.49573642265787
23.316134807402488
21.87787113802164
19.897432174967054
20.5605274301594
18.482100865724522
21.34125220323771
7.12202180890624
7.616874136915541
8.907503267386565
4.619400369652194
7.9438882264501185
3.4388896834142306
6.340132915461268
16.953489161550035
9.822789597303293
18.466539987247938
16.574481964506028
18.69981314551868
16.459668192105404
12.099031246706437
15.70498863787965
13.792604825941424
16.1860952101843
14.68975444229083
12.471314122512567
10.033249069972543
13.607153237144532
16.065412597739343
15.798157540800501
10.764025523424193
11.045052803050723
12.875012453406171
2.8377288760682657
13.233332715001502
8.21714104325388
14.11802065121022
17.99582896286005
20.35935445344043
17.568458903850473
28.39019184179846
31.37127400882742
23.777123057506866
13.910062735324487
15.672203729863588
14.835864141468452
13.969418786759192
3.0200577877539945
6.865271156024052
7.668155197203997
18.82581989042166
18.04398350405593
22.537945742053548
21.648197489443497
26.08245533635874
32.121314157059444
39.27178797272702
40.537794271240145
44.55114171055335
47.21596050580134
44.87662413016656
45.779902987522405
44.74554938489943
41.19135458235116
47.91782391472268
44.0577356751008
42.44641208762476
38.9082955503827
30.56284598847554
28.233669519231153
44.19937330791936
29.638379884314315
25.234041681058315
12.587991682782956
20.65837330511442
16.888767996522287
16.794303065206424
10.229277206699201
6.108364960128871
10.189914826512418
21.869429024207502
13.497749828340206
12.977741059844101
15.951647259376319
11.918991729053133
2.5701692353811216
8.609777882786648
13.242802772285724
14.000240015388874
4.603981644487713
17.921663353757463
11.478215716250114
16.004770763193385
2.3360700511076353
23.10616966967442
22.910112504643788
21.47457066564719
20.439108864831375
26.337030147103455
22.418494271206487
30.58264670687941
19.416178753595247
24.316970964220918
12.902235026116903
21.18532752222278
12.972219705673792
23.41329595589321
10.68354625820758
18.060591109022816
13.531550726995306
13.253218810769994
17.01286058091037
15.290862315670728
7.157933236014874
13.045905493987183
2.3901551174937925
11.804234305713162
18.409700860522385
14.450200925078267
26.64442281069988
10.898454745347445
14.556661376123962
16.918624460931703
21.928643349216927
22.471733888239445
21.31880478653046
15.600766781334425
11.068398389633826
11.83621154385987
17.444268989266718
17.092411794173508
10.639428358811175
17.382416503690372
16.68273363266156
19.280879536326463
14.835930735812859
12.211913783119238
7.7371546219731115
5.469810147737556
7.237631298345168
4.42753011058278
8.05405576266784
4.305570252763033
11.55956924568049
4.294502358099851
17.542768854834762
30.710842527411376
25.208595811305432
21.127417763344827
20.643983804080495
19.716109435523432
24.832952482427654
15.366525443748838
13.08000777473941
17.43793398881153
24.620892184171684
26.42174156828454
25.04267685598748
9.958346654213244
9.312871579532237
6.912336282047318
4.983344011368561
18.624464206142388
11.865678687486598
2.566892452126808
9.989913227236105
0.374300129488811
6.475900854461843
17.664363297533914
9.51117843812074
8.749877869268303
12.489486694573033
17.2518301169489
10.538776983654575
18.67654610611103
15.278801909143779
24.242463845659834
28.510881284432582
20.215286980824644
20.969927261462672
27.29376889509299
24.608247796470696
18.668802379139528
17.847200631425984
17.367424238462196
15.303897731701698
24.871541343690936
28.755772594481513
19.06646965299601
24.35650922177883
22.175771546219035
12.181329903563213
24.81800973607096
16.07401180590439
10.365797320282123
19.080150521903544
9.279701619601717
22.329495198773927
24.53865841411202
21.212195778870317
21.684161850518198
25.384066786177645
16.694020520265006
16.664129904909736
16.09916739261755
16.09230646759627
4.819791716598021
10.467191478510964
3.288607378983967
11.664017352241972
9.281014723469651
5.66257772290918
6.623119605605944
2.9895025096151193
8.430490539715692
3.5868682931034956
5.798666680800745
11.344373890595483
16.63467642166135
21.571250285801426
28.612654518160358
35.13397741126325
22.954532639910965
24.084138353151648
17.151236798400245
26.06753820321143
24.44705020941652
30.2197655864658
24.297549321315987
31.826752003818893
23.02788033386044
27.19111968960416
19.375230061973728
25.089953717875016
46.36430421819245
44.0058740487329
38.357119774930176
33.7865040314248
28.715020270798632
25.56842212961275
29.11007841239217
30.384663428502833
26.847422863021826
35.13283335457728
31.06796921344925
22.38855755207432
26.297375776329652
36.757557773204894
34.457457419257246
43.12805813660286
29.05391035175257
19.202870238268456
21.49389156326186
15.74954025428835
23.164537051226763
27.208497398399967
23.037360636428417
12.776785795404924
25.154538279119365
24.860877710849252
25.00338960788157
21.29315401110248
24.809897178884277
22.570737480258778
11.953205000379372
6.463656032827302
10.757769923918108
10.68954999448802
20.192523667868283
12.644857276491544
15.580766279897334
14.523102949184398
4.854257704923552
7.6404391433257315
6.20579846241275
1.4517176479418943
3.5063217932122392
9.046438706614733
12.169574294227974
8.167699011399451
16.948733642340414
7.954605647031515
5.171612199424439
10.985014586472664
10.191574562480731
5.8846647388667295
6.331622499755432
12.349927146809454
12.287483849869906
2.3691815275433874
6.195237709295441
14.428451895213653
11.166412457997154
4.80472944193085
9.544478171645492
10.50541407088
10.161228031998364
12.331871541738526
9.60283530791408
6.2485225763316485
9.782511971767729
10.413367026530324
9.005535264996466
16.47231940999556
23.475802432082585
8.839557399296925
10.719409020218379
16.562001501345122
10.266230237656263
11.278419022648901
6.263596376943044
15.75550130188648
15.44008316601529
5.2127457330403715
13.548457152738381
14.003613275065215
20.625571321625433
16.66865490523487
3.5003417491504814
8.874513453695403
9.71162741478769
4.346272630687608
9.454486160462343
9.055339296876907
14.232804541533223
11.960606364118728
15.618586744878987
15.598596488725653
11.677303777724939
8.514976564654164
4.727126113241635
7.298610373481395
5.8211350149623255
5.572637791918452
12.764271181298168
18.02071646464828
7.127859059325662
9.45456897650603
20.07663584822068
13.897342361768986
11.75835507128454
15.01058208798467
23.081913960384412
15.473426441995999
11.810510395786759
20.806137617618475
25.277520957767322
16.748525429841706
18.099007508009553
17.372801304886288
11.131866214948877
18.534923841218106
18.37383041454877
16.572217756796167
18.98111277893836
19.887304711975215
9.339677510703599
13.123472537296433
12.840283502797595
9.084995978253101
8.910546970435453
12.873695080670005
13.969207050894921
12.497822086681387
16.037128784386322
9.00845858596123
15.354845820268116
7.536868716072597
5.791496262832701
9.062171193594212
5.873962686210966
3.340409454640048
7.177639185544007
11.741332532325577
4.262367171828586
13.038353866086087
8.093714402309873
11.047048925835659
1.226369003212252
8.170319242719797
8.44578077194641
15.24828974657404
14.471821888895942
12.448932446376082
17.870775029346284
15.476651998831537
22.524594429773465
12.320273026754197
14.339644068077854
7.70889556805583
11.108191925511965
11.399053823769666
16.87512640120248
15.308398826364735
15.332543545080732
21.59559308000335
26.07026515623756
25.37389151186162
10.732217332459443
9.817222993129734
13.626387903620934
15.004105361104205
8.431398954875302
6.085439430179724
9.18371611742188
17.216799784243197
17.26005024961501
19.097463343902234
16.443352577725538
10.374316273724423
11.621796537887537
9.66200352914661
19.15896407473632
11.887084500345418
9.561660366276305
15.550694664529061
10.974202397016533
5.478544679025533
9.693674262554312
1.671052417829046
5.754727220096407
21.387984357538937
19.834157302496056
29.948511453767914
26.818906823237025
13.135635396660932
11.709538001739167
12.467485801482775
17.573016347574164
21.018264510218852
14.318601962792338
11.502765123674433
17.317471649967306
19.168710754681932
24.27569442351924
16.308973728447413
17.399567108696274
25.092281104834697
26.495446139618146
19.747608560428237
7.700081208931929
15.707650704108662
21.466164410326193
11.984460799794997
15.08903534833873
12.864464080006732
18.213752978518475
17.060173301291048
8.02754096830985
6.612036343017129
19.990512285428693
10.866672167592084
12.299336789400817
15.326859120143988
17.683339270595503
20.122377625092252
21.02265461430788
17.282835760686172
21.233997742701
26.195254202954207
32.58048386929731
31.701578541994653
29.741280099255142
33.43482442125001
30.753794172007
35.91116756144608
32.46366031373341
25.018994882587755
26.050109267996852
30.6342385407751
25.199638018208958
25.390733050807576
27.232247673691393
28.19621617691739
25.42730529871841
26.277016689961137
25.56535195958083
25.51761576747161
24.310890388312316
25.345424990948295
26.52094835843168
22.69447489481002
24.639427610031806
27.553568800552767
12.934588778441608
24.645258884035705
11.767836227626166
14.868147030580516
10.145186478958943
14.075676039677079
11.6451173650349
6.182059286178724
32.73126712541451
25.536911051876896
1.7977651268157706
6.407900771745665
11.15199563620655
10.83888525050118
14.326885274708271
21.735217514564045
17.357937105705048
13.548019166857854
11.823767792965754
7.922163102247601
13.529113203235259
5.9555548453754685
1.5045419040959498
7.262850918081794
12.723276385899753
8.6575294428215
3.4310808562022017
5.912711630032917
10.81419497042523
16.960035897869492
12.662676386262461
6.04387004511738
12.004213706874674
6.240924417766832
7.635788638274598
4.207054165495708
31.422356993629947
21.42306420911612
30.43665482846497
30.48719481322848
33.7217504229985
30.650163126824985
25.495322030020688
40.016463007366
46.74493700025892
48.070669887969224
46.56793264791804
41.0682370074671
28.338728073949703
36.79414026639948
34.28882004864963
35.65816369421047
38.28777969447621
29.384184149068535
20.9719028936801
22.694094111763793
21.979010871703895
27.991192681053825
24.06132381377651
28.42560978773956
25.30715373348142
27.322918434923313
35.2900574790818
31.75419831936043
32.56395822660046
23.719568468465752
14.714676095024915
27.267131157329942
35.31494668841733
43.868624812456076
27.37941775973766
27.92757459157703
29.91250611155819
31.947936635167842
26.52332697181014
41.72634622456533
37.387765667543626
40.81005244174602
36.74459065906562
29.82280182209383
22.232026691770553
26.811246766082856
22.251036815777994
17.944223468586017
21.34955600572115
20.203125829007437
22.69135008326474
21.998038071184258
13.707718381162861
15.516352473382236
13.455223363020414
13.022859581953913
11.67941259863118
9.959846734509709
11.768773671089749
20.56440697760797
24.734939267837973
24.595278974784136
24.025456782897482
24.728612805119248
15.927608408592459
20.942772136869994
21.96887145588101
14.571382141332633
24.044994539018305
25.19484151786432
15.092826103328086
21.43711390823884
32.17036857567848
30.45738445259596
21.879814326840506
19.174784500401366
4.8608718893610625
13.512475716190753
13.79259031178944
13.477337808005624
29.03249087851541
12.466426268387776
25.194095319697492
29.976272757649433
25.760743181167385
22.874091794508434
26.372441262855386
12.287628137616121
19.894220278509856
15.732847271956839
14.59923906786253
17.60140944395391
13.782387716716732
11.557336627595543
14.262444147436494
11.749536443292408
12.562565449823937
12.601851844156204
17.43515239427204
2.4899433274940326
8.179565611308702
3.4471919917937925
11.765826444462888
18.336295109964965
22.52579825061468
18.27466631308394
21.36386695957962
11.989640644506805
16.99747045716304
6.205514155788548
6.952966089211961
5.438911652592888
3.1178456061010666
5.690923007964733
9.45005678278559
12.638474464712166
8.441268578225971
11.835778680621221
11.022569527850333
11.442601402370375
24.137359187164385
23.128603426003327
15.475231319484175
19.331153143712342
16.22381151478111
12.491429029618255
7.388995974315467
19.720258775444215
14.083312191169155
26.68750081379515
14.670916780559937
13.817593073019916
14.701587745027878
9.13688663292498
7.783135455465637
6.093294574612061
23.946976201786743
25.385548937227536
25.65118523933309
18.921101029343337
9.955403696454615
26.446719570079274
29.08042514611056
7.761241284081161
10.872341224603195
10.694022914620733
9.701216498945298
20.1673971094591
10.416181918242016
5.54025970704483
13.798605147127281
7.152531837041863
13.626881384788467
14.937131941197645
17.825057158136804
19.834449293083072
17.53712541103304
20.670247588986484
10.989099893369978
20.016180136329602
16.845478257562746
11.746013773227974
10.204825983244202
11.997643918666768
15.615794905055745
11.098580141802465
10.873336724674724
14.52161738303992
31.789701642666156
25.568866091908802
30.187755904920536
29.83881178550834
32.54790386695635
27.059935661310313
28.575305336231438
38.40105838186087
23.872977932318825
14.291400734422762
15.09223529196488
16.350441514445855
20.00793780554869
31.016029039905888
35.537795270467335
22.832156140551845
32.45371555830187
27.462481397781477
21.2855639633873
18.786145029080345
13.216165034522675
10.963648900975217
16.350052193663164
4.770358222480054
11.08052368295789
14.118384358783523
10.362285749275092
7.634245869295822
13.246558522555585
7.784370865931764
9.53295820383662
14.262124836092795
16.52015122475316
12.322177795758986
8.492273869626688
4.006630375151323
2.2884994910857888
6.475264793095385
10.142065082508248
8.520187145217237
5.789769932519981
6.929567995549613
13.506189380833403
5.071649819600363
19.234637448098187
15.942747522887792
33.034226996239596
17.34072332144932
16.621261930131446
21.619287006234124
24.475042032182525
19.662487327896955
23.76312629235022
20.56386227002166
25.159952911583893
20.98912863076687
22.79523384544605
21.353234062589202
19.187912123986127
25.346956660869672
14.728194746939662
19.965083491148736
21.565582936337606
9.927768751072744
10.753799022689392
9.990307670660673
24.45469831373964
21.67861573691215
19.921841563513386
15.787492200411526
21.50457910176564
17.972522649864672
10.692863490009124
15.320230421554491
19.38090082653213
27.42905786707802
23.56453512713751
22.039102876021666
15.413353220698445
8.134990943011552
9.182432895631564
15.811737664417779
3.2118689229984048
9.75781913037084
11.630439288508542
18.470959119640938
18.697873371794394
6.540019682182161
3.9815272955174104
8.0763520614397
17.21061504794975
12.690532459018712
10.536348851404634
12.227822147469844
5.638054782467895
7.845152719355707
7.504304935430914
19.141244856482018
19.12403107222629
22.708650952432382
19.50940912821863
19.715308595843247
9.163795016933893
11.955529826018115
7.494781090406978
11.119158647998068
9.451075334745568
14.015618186305158
10.616115215626628
9.150791190527835
19.097067192930375
16.240425949937165
7.817256519238082
12.55351801049461
19.626852523449706
17.212220142404703
15.319494468671422
16.938527632173123
18.015581869939727
21.486750600484612
20.424591297750514
21.319556107339164
21.70888201267177
24.72613173890324
15.41365033392734
10.96458207557057
11.904100209115212
6.17098157311861
6.788043060852364
19.12905638390813
3.89958039340289
9.319896429093594
3.9168168026602403
10.754091867050056
12.613352175171213
12.205034075077743
5.572673223524771
1.175864023168239
5.280455532716823
9.472743256113787
6.36146658444698
12.182074394182745
10.299040758881711
19.111705995869002
24.39228233755677
20.61854988715866
28.38509139803575
26.94086668105677
45.60970833378403
47.67910880323073
46.633157539397075
50.76832481765205
49.90940462386085
46.613121179466845
45.31031723680027
39.05314337211116
22.41824326175449
31.37512282042472
29.448606493320096
31.10922014094154
40.25327249607951
44.07793254447653
36.042122778402735
27.15404371524204
26.648572150620662
22.954496781417824
21.107900497791515
15.347428234829481
17.68395740271539
13.622894261860472
15.596359601772473
25.70957311145294
16.822434906850415
15.004250502624068
14.539789101326738
7.173018562570493
6.03731477106146
10.32418695408476
11.14630864994887
16.97641810659377
20.434570204127905
28.042963807415227
24.735077579168664
18.929744633737986
20.55835884509792
19.053157614303654
27.427700366980478
32.180497746217604
31.98649646812715
33.205036367003274
24.25745611088801
22.194284773964355
22.941043016300192
14.569930726134006
20.817200816526604
20.462478357076577
32.39765336559441
38.78153748467101
31.636094103327157
24.746542051690533
13.299794724493957
17.26827721247029
17.98049006553149
16.550700953363336
23.344237620742504
17.710516593302984
4.101502556496446
13.925425538315139
12.629918799003079
15.933494324109718
23.969548269446342
19.82443282066525
25.327948244409527
16.777357365875623
15.516301246963462
17.055971027404198
12.242486563617861
17.59456388685826
18.317387438795077
7.955518331059358
11.818799684118215
18.879508592392543
12.016588302103445
15.480925989704673
13.577086744418136
9.743986289754272
11.82954954809817
8.988916560972179
10.778917897135761
9.741362643339341
11.071812630445185
8.439686535659467
10.950730451933785
12.74713338289696
19.690380112919993
22.736598378968782
24.236765760344753
20.546218183848225
16.80020093355473
7.717419644140006
14.873655578146131
7.946754344580586
24.356516051968
23.18963116623739
17.71039194235063
26.63214383811949
29.389057489041342
26.55814044600969
23.38546805766729
27.317174245831332
20.549983325628194
34.9589947949167
20.43898079878444
19.910672496673122
15.32135569522025
8.552466619234718
8.490701218570292
11.985085762104053
10.459236869448837
9.186561744984838
5.759901942166338
14.334970511138273
7.267819880702978
13.02581449254359
6.918718240053048
8.131152376698005
8.216447779053125
14.023597554803025
10.86661837985237
12.813347798032003
7.710244530416908
5.7092842640010195
7.941812702716081
9.583019221584582
8.303758087213398
5.73217052036244
11.110053152060795
14.457193331241067
9.228287370624445
8.369756497615938
9.749836346778388
15.573391383141013
13.66383868461376
14.58202186851222
10.647156717857044
8.456423914220583
15.080150979775835
10.673741521654026
12.976843743741892
3.6029901008656644
15.41869784372398
15.175835099858544
16.81681707625808
18.8016444358544
18.560422644937056
12.029932784194356
9.270060807588244
7.616462618018048
10.21834890402718
12.523393461160268
16.284646302171122
21.069441410122465
13.978526844017404
14.679314498144466
15.278918022359669
9.470563571994907
11.70970619514748
9.173846494071212
2.2496845932496643
16.4865005902598
17.676783996539584
13.644539985113889
23.964261703028754
23.044890919988358
35.00781698710395
26.29776851220693
18.529712406881387
15.862755762423188
27.52425875127695
30.497627927185675
25.58392836657597
29.40137915030404
27.988937011080427
32.3090077554514
28.344152951697986
39.67082811460668
25.440689054397048
37.4285418968886
37.62569189218644
41.48165811264421
42.88343491147885
31.293000040939074
22.797489515419446
19.2924191409292
13.967367168687248
10.20842976180503
7.914279356398113
9.093837658133683
11.51467782736058
11.700835486962925
10.261227977862875
3.313752933856781
6.190457430650078
23.113513830579475
21.063408645538054
25.3358576034684
28.805072899910666
29.75041889236462
26.626672856594308
29.036186010856387
31.80374792669429
27.87189488946309
28.21774664072856
18.356596139725536
29.64258386574846
27.752161673312763
34.13335469785639
20.2899597314731
29.30751869072973
23.509290849583156
26.20082422222235
28.252613048894183
28.571871458626212
29.628896166651753
28.888715396486642
22.123751117952928
22.472886482661885
27.7428606632105
27.39236609085671
27.64141869365747
31.594600704119326
36.600801516658514
25.793772268446272
27.70775861351851
19.582659491972432
27.892706475864117
31.531930303389874
28.77331593536469
30.89091704978418
38.23765293615748
32.59112530402419
17.002270372602265
36.061394157145926
30.78633660830753
16.069275069714987
14.913040156447718
14.812866894533018
23.697995315972268
21.91925013156087
9.238716215713408
14.683801932429166
20.199497291010868
19.99555638013075
17.482208982558845
30.343088067024965
27.377717042634327
26.161448181657228
23.81647177731531
10.291531819662929
18.887032045763313
15.020098249045791
25.31181875268454
27.415880724621772
23.04678288238845
26.905281395481005
26.591630571057557
26.140365095236692
18.516156188926203
22.252109155477683
17.145873392354492
24.812453377181154
17.005844269085475
19.744251522451176
26.804324369359048
33.58617799816291
34.91554796160625
22.75653399360876
36.95239574946868
40.74004641784798
35.59084193465624
29.38085101675357
29.49411604375989
30.517654041832152
23.25953644484518
28.01550815449907
26.273529878389848
32.5969753610483
21.93005036818595
25.079706726572706
18.74105553527451
26.03832548413129
19.27918394186501
17.992169689012215
21.428215879297603
22.493257521861448
17.780131588871047
22.0239261956859
17.142711014768775
24.06874481430973
28.296993910573633
26.589448325617738
5.912280474341561
11.36177379750609
24.18700270959933
24.37857585543985
31.04450409855567
25.259663428182325
21.1496995479647
12.355387029277233
8.868402141935535
8.002460513677564
6.342080800035191
10.80394285648104
16.743416448342536
13.65456841036276
21.470102014382707
20.045314308234293
16.353533882592576
25.076484584831753
23.482728243900976
16.429400208798494
19.922632157909817
23.884705367123736
22.378431796629776
9.247709867303023
17.773622418592023
14.195029326554822
15.168905872945565
27.407616195726057
10.610459818993858
15.579458298671277
25.937988297676508
25.55089757174979
18.38720563249095
28.668868682576857
23.502585311365497
29.089454656193315
33.129234927594474
27.716636151892235
28.21063812134987
27.105977966505368
23.4627243273693
17.000098372446203
24.182175473403426
20.129752521848573
14.247923165261046
29.019773066280845
21.176320210254826
16.50388171415019
23.56316908930351
20.357126104223713
25.7336119622368
29.05229501201386
20.8157886749157
14.496140777435773
10.607491248025841
29.582444050106496
35.089328464658884
27.537854242819858
25.03672263857852
24.467177069353255
19.067075832284846
17.94123013818226
16.91998537612383
10.79967911089166
9.696635149559512
22.05519650925351
12.77808267757358
0.2323900361553965
5.313268615263211
5.021880792439419
9.001978443986182
12.580185630335277
17.260395174168096
8.651174805572449
3.5370113272569874
0.5215207482627632
5.794101553114238
5.536473647810527
8.204036471557565
8.77102242739137
10.058484911408447
9.019357006555634
6.2636902920441315
5.197009830966309
8.645791762732832
12.621965897488247
8.303521591913386
18.686525012488417
22.502949560293693
22.969825433462624
20.665486947134987
14.64146500485884
20.29622130739471
12.6847951001159
10.99633562502196
9.451221330039077
4.377435368775791
8.007537051778176
17.294373657741616
3.4674091382936187
8.311038215094984
14.454592736714584
13.694857988729373
9.09871953584295
13.760006894353893
5.54566921686748
7.87227710809712
10.870947012238865
13.572139979911753
12.721663607481982
14.203187987518401
16.478917372733793
16.022151887083776
6.8158397963402
7.993526626243186
4.7611507005920535
8.290078925853154
13.04822007434217
19.658448978550183
11.572616614542508
17.633849427416884
9.84404599977402
16.201744881120092
8.077154608667177
18.429359852500976
16.63382947820427
12.16398378439232
10.074076525736295
13.570175446751728
9.928779619069905
4.0042837782846
7.729439069531936
7.686969807046443
1.598753904969109
4.351226652269983
9.332161741295646
4.387758772819443
2.9952595053117936
6.410256333235673
12.088501656327216
5.759901942166338
6.442994283701191
4.5915844242573165
15.739571593194716
16.082718589548865
14.131119246491012
14.463183407143168
18.54609290805837
19.199868370128236
18.422401597284026
15.090189650308462
9.541882699760887
12.875073925108701
19.625175712008467
14.292147786363232
24.27272158368299
21.542715462996405
22.455600981419874
17.837247338257985
25.971307667995124
20.141259683052752
20.033952288549976
21.214847599815574
21.832083257373164
26.27626195405785
25.113984030922413
27.38363540155014
33.01383205137794
37.50897761964926
13.96922071127326
22.766137239581795
35.87642238913823
30.084008746522628
27.088036767103038
29.094502165989955
24.00681207401064
28.27077452189725
27.29528861218332
26.264155443754003
38.3900720225809
34.418429718339794
27.405131714415464
25.66185740991123
25.509337578197556
22.896931947092956
15.46560246030175
22.158067695890363
22.57954500919351
16.28497415125128
10.621933683025834
9.720834509788867
2.134875516604097
11.82060029273816
20.4140489007666
36.91422523729206
41.1331955215685
20.71399153552583
13.417672690510976
3.3293727227149534
4.628550688705896
4.948547185755109
6.629038818295406
3.255880527575851
1.5894238665628717
7.199418097486239
19.653280232895778
22.66555758141148
30.753039436103716
23.500409896114846
16.499769940269843
12.048713243090953
14.308420712060789
23.678360229655773
24.43404211414223
35.57677857515518
31.067825779476678
32.153819027319535
22.56199996076304
23.027523456476306
22.01431611952369
9.692173328484202
8.3401894624726
19.863457106488116
14.990789907317266
20.62420357624414
17.61361328445343
9.527038137373511
7.991733701586059
11.241200468087856
29.8013072167758
23.631435122510496
36.27853611614439
23.520973888158462
34.55308348273201
38.20136755619179
36.69820684441206
28.882940471543396
22.002878967758505
20.80406124011079
20.16928053412273
18.05225144804623
12.313869724407311
9.439901145263427
3.6246622911021147
20.240778954354425
14.292424409024617
16.475847202701875
15.659694238398709
6.005377233389304
10.995082285309262
4.914701037096756
9.858617354594596
8.319208828889613
1.8206968466238536
6.8367277954825685
17.38328564526226
18.286402285625314
19.486603126579958
15.26002401156812
20.691694382980327
22.581821169734418
19.695113434014814
15.563199033352062
20.263154654075386
12.850544154478246
8.022697510414664
11.42837411832924
16.223261684552924
17.76776894647332
20.637647096078016
23.234618207205678
23.65352566183361
26.551417832319107
27.056993557325328
27.474009049553164
13.467473307296832
14.189304774256705
9.52454170323187
3.1362514718103705
5.989393736957828
5.085153103589479
21.635752884775734
21.541784849721992
34.94085039738656
22.336388567193765
35.391871693944594
23.83920264687311
24.055125417104726
25.69951053525822
26.00662828374055
19.184908548298615
29.931306207248653
3.9272520510515503
10.713935477372258
5.2351380813474355
12.91608408843275
12.64261014425461
10.028562706428268
7.648038582551017
5.358841344952829
8.223541784279828
3.08521288323745
7.062136844697683
5.078830482852163
5.975828554379359
3.676687842010102
5.308730808333384
6.983395862624838
5.2231848234130895
1.0374088316160872
0.5980710005201803
15.372904840433629
7.9312762821476905
3.719049102129344
15.296999240639984
10.646565906493839
20.230520010221063
16.630989827056837
25.44877258327976
14.17815449043666
22.61463339850716
28.105944981751914
27.531773666911256
19.785546846173073
16.814704840257253
8.888206275433987
15.655823228686605
17.238121927284684
9.694039677674908
8.926605598947798
13.06549874539501
6.7246747001671014
15.462016610987494
18.4814451675642
19.615645890569006
17.78906547630542
19.379398184914727
16.4935391001995
21.451368513036655
20.000419474819797
30.72784969844471
24.791211488862412
34.22330828922546
25.500707634181243
26.2554093865218
16.220534731526797
21.531384179163354
22.63911621158707
19.22350082465648
30.804634685093994
27.79013581755074
22.529524118806922
31.678051955398544
27.44706736837205
25.86303550927208
28.580767780020153
23.748282583736486
33.95766857202532
19.720279266011726
20.10113402922622
32.27906420613006
26.373786810121878
16.26892832934363
13.474275321936519
11.903553793981612
8.66712073596349
15.516632511138207
20.61241125464211
29.381455488495117
31.198767336054992
26.081842326880732
13.12712668850239
26.696926474849768
44.597931921462525
23.61744177244843
27.044009367713134
35.353103540215606
31.115367311194554
34.49114732733833
43.49357229494151
34.92870632104228
29.007533367288183
30.83331123432429
24.742708608018862
35.1042421827116
38.06264641414883
29.34890622200542
30.939162090986564
26.73742266643877
35.00508832653053
36.42421722095159
40.46142934122482
35.60266840720411
29.68067583074962
33.739433782759654
40.77120574084158
36.34528072471375
44.94278475756189
45.58177286007867
45.611337333901076
33.91636641811425
44.41361926670973
39.541389199645764
40.51291530718838
36.85299259138289
20.549546193521312
20.303280307901918
26.72960209983911
24.047508048632867
17.860478519172492
16.427661925654725
19.14893052684557
17.395009664972584
23.01964654081599
33.98918989504493
24.609699211669327
30.60271721775549
24.549593546973213
20.029695373149764
23.671641031059774
31.342809195461392
19.095521862630658
30.021577402414128
19.379078873571032
29.962578228363554
31.9358062192019
35.92363607177594
23.91734171852535
20.98986287610265
14.724487661767638
35.61371282309202
36.01878060691422
28.905415209007323
15.757313009563823
9.568771446975935
12.936663448401998
15.094151160027069
11.032157405897738
13.403934618769142
9.731165170908511
2.924492769094938
10.87416915397982
16.919116234551947
14.121856656202828
18.26826130318976
24.134828602076897
14.663282336615154
11.3517154901796
6.63158220998759
13.526762764387128
14.64574753346844
15.217004065080795
14.934111290037208
15.144088380596324
21.959065011780165
21.156770501302958
16.54735586821732
26.962875258109847
16.96436623780328
4.814789883691456
5.888227963179361
11.59812395599792
4.30092785856154
12.125788512779963
10.701547221765148
7.623133151516211
18.514264226526112
19.802951875725558
18.4399227400524
16.828546218610285
22.661949533982423
12.007940428840563
15.594175648785361
17.797246335383804
17.64509533388531
17.565368243251044
10.94688249411013
23.167253758969135
22.028505837524392
9.607420072394453
13.358129662647745
8.089031453860182
13.955959045226034
6.858840106033662
8.70348637065193
4.933003382751452
6.91715882248817
7.735809928480266
11.626897835423891
4.005750561408861
9.179136475583388
8.175988299730907
10.089079036248227
5.96703084384156
7.3869503326590475
10.792258110358441
6.581506678087641
4.393558030311606
11.36612462800739
16.76622074243392
15.78603566257102
11.996395701595947
9.209614487207277
11.01817430111943
3.145351631662354
3.4275983134991415
7.531711923249237
4.8026906304636015
5.523006222314555
16.28596111358635
12.626029006270757
21.294047058336457
19.51140354345627
8.87980343520758
4.275213476996911
13.283811228062481
15.926191144339683
23.091023725189917
12.170610775434525
16.038289916545224
7.890259288634471
7.411347768374333
10.876269437149599
4.22224920196487
6.298152438388254
11.554761646278447
15.801606786331357
14.883950380772633
11.428391193802163
10.790999648003867
20.498201953983035
14.494448598068901
13.670891708705444
17.36042158701564
12.389559319468454
18.867176685846086
13.526456259648123
13.275619269926697
4.099878679021276
18.45295986363066
12.522023154458035
13.574482734797067
11.730755130622166
14.410061610873393
8.257876291463836
11.301393217695885
3.245883691951891
5.807009756871916
8.354562741807245
3.345621742750414
13.761801526558314
7.502343817365475
2.7979933967980704
2.7891645235221825
5.566057758426791
17.425769421899737
11.951786882352948
5.005585668627061
33.09181915132114
18.915433679879516
17.773096494025932
7.299901279234528
16.148356707472686
24.6766231127044
17.302769667778854
18.81130573843538
16.36782776097812
14.674946592170244
20.22981991583114
22.130897203372054
23.156252031763536
12.866810249986631
5.01770455864878
13.181375465985216
14.670512091851613
10.69923008008922
11.919239323410546
14.5843953592488
13.224886332319135
10.899050679352529
15.81687567422092
15.974246647792599
29.10771175184476
28.174719864052065
27.770323146315828
25.565676393566406
19.034369471444244
18.842174778389253
20.925433701661916
21.016389623291683
10.74845354589021
12.408199759487065
14.1578961493584
13.939254110063477
20.312608638760864
33.23177314250929
26.002188660780043
21.341064373035532
24.338499720484798
35.12984173172081
37.657906479406805
40.698867207341976
30.529302929461608
30.445322338521716
37.61258475916918
29.585408352206283
32.73098708765854
27.86903133265356
22.53847166661964
33.000298031537554
29.229521345502768
31.571849343994014
34.28769989762575
23.084762149268307
26.020503813039433
27.365029966251026
26.183624098344968
27.706686273818818
13.667394651850397
16.660043744238777
13.311814149885887
17.74111584078464
27.212001285444185
42.49197627957791
29.75502927005438
25.751083586133692
39.91292075464319
40.74427430494422
36.43186020263283
37.06150119127046
31.605074799211543
30.834608970266594
33.972790610847724
34.53890059492048
39.33658597738293
38.88186613338933
38.74379385931753
41.018031701972916
29.142176886396644
28.647848775406143
48.48391340822792
46.85167919660788
45.83767614261696
46.81863815649795
46.23809256761437
32.60176673875107
22.30066838538189
17.498061851622445
9.139789463322236
11.795250045633658
8.94406356246635
12.713333338015506
17.201044245375268
17.112560852225048
11.501977090598942
17.856247216981668
13.808395369528847
13.943832898128324
10.411703875467426
5.76486791657976
7.32163921004174
6.149723036213768
6.046788670327091
16.36479857208122
16.17735769068856
16.623387826510612
13.827470380333402
25.782311211018992
22.789458920502806
18.76823627307657
17.855243179173677
9.049152853036167
12.54661866565925
21.328741004225538
17.628223059088086
21.753930525342586
8.043836092122207
9.740252737599214
8.879072604966387
5.695123147417467
4.963489932111804
7.952261184598909
13.728599977002881
16.244346478520754
12.232126874194245
11.991662380501129
18.21610256359296
12.514886460549016
14.903189316117267
11.579730256563074
7.954728590436575
10.772506910826056
16.519309403937957
4.553673459269161
5.240151013311402
7.91311395537098
7.720139766976963
11.785656191170728
12.874705948667167
8.67609048189101
6.111797983960449
3.6445944906475045
7.27669571152941
17.794217146486904
16.21471370280665
12.330384268046755
16.1916071728445
2.944638198608479
8.392717032284581
7.016323350839823
10.703588594553336
10.549637838208541
13.339417505642848
10.563972697729104
14.450487793023408
13.421395143608633
10.597914469035837
15.407622691984804
11.356624688645548
13.866254755761673
24.377418138375532
22.236520956244423
24.760432948915046
17.81274744970515
15.000478530654929
18.58065708035322
8.744106359419643
10.803378512100869
6.862842170000467
6.899811422656807
8.239261464654613
6.449503880867036
8.440664106484425
13.60300133590281
11.705987157144406
13.705671885732796
17.330821254700098
15.635168736636485
29.102052940117403
24.188102370055702
14.541284912754971
23.741590705897167
20.919035521956907
11.105054307361991
12.668594745178277
13.508280272493073
23.910291255754604
27.22049804077168
26.507607291435352
22.24226856043099
35.077290256246734
29.828248897956914
30.581492404909675
26.78974362302836
33.518975766919155
28.908454643187977
28.797487974837367
31.89843825425276
39.25031727307108
33.60421652776091
32.6251737970367
20.415116117824414
22.933611770483218
27.11488111808848
21.0768589955611
23.20261877094417
18.242019716398573
16.01799400942653
34.10781662054971
34.0463893142492
27.773847523927554
21.356609883586483
13.611347827068565
8.418952642660248
18.762302546235123
19.008751139414816
24.221952787582286
29.728630588912278
26.99270952440446
30.584781140995037
29.212118023497574
31.147786804090018
28.176528156634827
20.992951829154787
20.566954638168383
13.924602500520153
23.732537290152315
16.951615982170157
7.518282063793699
4.9717326897795395
24.913657997660525
22.198200179906067
19.661452554237698
12.632510855793099
15.432127703179518
17.94563219510233
16.74096270288321
3.9687680752610035
6.297623098727578
7.440914803517672
10.420091347768201
3.0105789792898974
6.545264840577907
15.786713558846143
10.274160087282647
12.68395498684799
5.614332681706795
12.911699106985601
13.66396845820799
7.763288633284873
3.3005516722950268
15.692948721920208
13.086510114829261
6.564889254723823
17.646109616977057
17.46479712281719
11.107163982041879
11.371685255765426
5.570316381374294
4.6593006272361155
9.152594360468719
11.899380548398733
6.162811386210805
16.458269710872845
9.175774314964448
8.991015136594665
22.085971634106293
27.926743016045585
9.762613069394543
15.737167366606872
18.057650712585126
22.81463499778347
26.685294662693234
20.94369762750253
19.81426949918027
16.642023997660992
7.474567145558325
18.696276815075905
8.2029351035539
10.389779822005332
10.054436316777922
2.9692655128780174
11.733644300641082
7.880750811536167
14.713614000608978
12.797276362914964
2.2731392494160763
11.66670332413308
13.360302516577454
2.8643002329303195
11.924677861537168
13.144813463358137
17.62696971937539
16.832155973586637
8.110965752606033
12.592848801056482
16.93527987722278
15.033219042441385
13.970564550992462
5.2121066834661525
4.094190412103124
10.179775410689535
9.528194146890534
2.1700640108777676
7.506997737511192
8.135231707179795
14.785324156704942
22.50366331506196
21.929227330390965
23.697903108418473
23.85160285531127
16.528386725344905
15.251588727943155
12.853952418874083
16.692664727714757
8.433681091831733
11.132255535731568
9.929848543675012
8.442873672680925
8.853991296560455
13.932093510492365
19.702985227033253
27.113472391572163
18.884858338059956
14.848996887695094
12.396672107715375
12.113735790215829
18.393916293350486
5.690681816909667
9.987472288381472
13.874246930864233
16.800720027931654
6.770163760039386
5.931512152610201
13.803472510684562
18.798464982795757
21.44626806927395
17.65861057070547
18.2016754965186
17.193305641045644
11.923091550102432
13.339417505642848
12.712728012500314
20.962760685476038
23.48077310225106
29.170918322424058
20.005601880852545
24.97443985108447
24.28096903710578
11.673304701965897
10.717205430437403
9.360508733898492
11.45732814399457
10.608864116049014
3.303990245655305
11.166359524031087
6.7419179396136215
5.155028927006471
4.417742876388975
6.819061938081154
6.188652126275079
2.525147189693336
6.959789875079627
3.5350179792364016
4.80762330770482
4.446556029402674
7.975701540056746
5.25866552171719
9.647301546958156
9.869641279914996
9.183502674010319
10.880593800667862
8.730796882048226
12.595980442790932
16.1539796607069
10.687523989625467
4.614138989557168
4.627915907999907
10.962571438633647
13.474084930413404
7.0050193877634515
7.860949239358654
9.27550788345133
17.02025938332879
18.863713779936887
16.744435854076162
11.937629607750804
5.221308655825452
14.112405381938823
3.622446748490092
14.56037016884328
12.24974790847923
19.454041907259214
28.494613481376906
33.74840865132905
28.62247974528142
25.811605892369176
18.357366243554456
32.26822469591725
28.47906284818408
27.724735048700577
28.527804785648584
31.896129650313295
33.803234579796744
28.428780703061737
26.311886513221346
19.568225594708903
24.689373368337524
22.80459291215626
22.692333630505225
12.098705958947216
10.09551051312544
8.276282797503374
14.303030839032001
17.49844775731055
26.23778749846317
20.45663513024163
29.513906516880002
24.077869947040867
22.59433236874659
17.455156310803716
13.228617323153255
11.88091598575125
15.88006346178
12.317952469983686
13.227751596675956
6.424616805965625
10.192693859730968
4.087057133288693
9.093168299595021
5.969330056270915
12.882260137889201
13.123397405215561
5.951175840343844
20.78992104098157
13.144513788808302
15.013350022145818
5.112129362603268
12.87059844365505
6.35026806241592
16.97620807827679
18.469126921396082
11.834112968237385
2.2529880569304233
4.063944200024192
13.184894720955064
6.164020329693898
1.674211380320177
10.075345233374625
11.77245685059968
5.101808946767378
9.346303647972157
8.9944234009905
13.56909798441016
19.541125111629583
20.808108127194025
25.72020600844336
13.788779066232571
12.01097730170028
10.70296363224428
11.663392389932914
9.504542055568427
11.343661843374509
7.342886221002357
9.5100830465326
8.511470116289008
14.927047166888121
7.0131353600447195
1.923153526155453
16.34667978776047
1.1331512217501527
9.34510494977282
13.930916156634183
17.397740033093296
9.60121826062808
6.689791643415377
3.3936721235614535
3.8498514936033197
9.271163029365555
11.794497871051309
8.81229213790388
22.833581942541088
17.21073116116564
16.299850303263568
15.612331999146548
21.933397160879256
22.21162833181431
20.302295053114143
23.748909253592835
17.115159739204238
18.0304836351614
8.033603614971883
11.166800071232553
12.501341341651235
6.9019428685646735
4.29290580138136
4.120747468256604
18.213119478472958
13.500251385123724
22.173799329096195
22.848309537938928
17.48233534105849
12.178869327914716
22.263542892148287
26.509833933104776
21.743394958547842
17.97482613116226
14.993443435809816
7.712535205109801
6.671297198690275
10.974776132906815
16.843226002683934
9.070926642336522
12.11598121490547
9.34790191223794
11.992616045663992
11.997725880936809
15.732985583287531
19.632239835157552
12.114826059162091
15.869300791195354
11.242531501202363
5.982844439317431
2.8924555533495813
1.7322355448667277
7.063164361280947
6.867527679771095
10.993219351213142
1.9135639405607552
4.8204418652296415
1.8608841855963278
5.380227094130961
1.6161630966681195
5.23944067363772
9.456460938906122
3.6473871842443937
13.738583152248502
21.647493979958984
16.772460120240723
14.875040399000351
20.810674570774655
20.44672452575594
14.054147283413199
5.738936676508984
11.861891347591826
12.332622862547227
11.141290168456202
16.17947846442585
12.418558595137036
17.990433113415737
21.35760367611072
21.77195539456225
13.88737199312806
15.860394224517657
18.703658542021394
20.87739868877651
23.923280568008675
12.838408615870426
15.081424810056042
17.7536526530062
24.032510660762814
28.1244889453485
30.01316260935667
31.52164062340525
29.816856142421333
23.72635938404804
24.385375308758597
23.403926643899247
24.515196714313028
24.30398848215602
25.667779183921635
27.116079816287815
24.556176141785812
30.393750995193535
29.27252421651717
28.56837269422387
23.874818668300144
24.630218807483335
29.70491958720858
40.2201119276591
37.0162580182083
32.62739702361154
19.933504111521184
15.408971654345882
20.38420438918823
26.03957711629669
16.21896891065957
19.979051228001413
23.215150460523848
19.44638014255775
19.740035588185986
20.69856555328536
16.518708347290996
19.66264100715328
9.23533356452696
8.452009904469463
14.119042618264784
1.8140203367101662
5.94669438247467
6.672443816697191
11.039579260204603
11.487341702754899
13.733822510397003
21.53117073575179
25.540792306872756
23.509231085427917
29.121706809454118
32.72830965350389
34.284120878500666
27.52416995881774
35.54134696883574
27.21078380422463
20.835230808388143
19.83088734943091
25.165977138431845
21.516827338494764
24.25957517707801
24.2585523562498
26.79644062350956
24.317261247260646
20.69270012833561
26.33407438274013
23.240174566095483
24.407252404670146
26.70633676797875
18.645731707670517
23.947329664076292
29.25888774383924
22.859801331217472
10.211088412939457
12.78183415897521
28.975093383825207
37.18867589852151
33.47635880159286
34.016841915899725
42.400789839063656
29.417716962798714
47.4265659737641
45.628228391718515
55.58342035230886
40.904332957954296
37.33413502218069
31.493476338362704
35.685160016904945
43.1187998151829
30.453986433483877
40.96790494365419
33.678310419877214
44.4152448517322
49.19098825148598
50.32763759730824
35.19986483109178
44.47838653551438
42.0343433599033
48.593804321784255
49.48484006505286
52.347054742408794
48.842522245315685
43.80348871343625
51.4626920939593
49.46981364887883
42.76927854478584
42.80778373623179
42.72692795683718
50.662026583599136
43.5710163948457
44.196989571899024
39.61707111074409
36.56418828761266
40.01135402586683
28.515165520589473
30.721419075341142
29.894423185730584
28.00387292724795
27.26235344000552
21.566865304354277
24.647716044589615
26.34334977963301
27.0153635543341
19.94115563093889
24.86231546566954
38.817460864610695
30.370186842556993
43.27655327934811
26.826491748310325
25.219057953566598
29.57835959698283
23.100234235285676
24.482418636486138
30.854891217006948
25.54606862800659
21.85272750413953
17.70821481955269
24.522076422354523
34.62951671463904
25.47694028341689
24.340190192304377
23.949433362340656
22.689632290688483
22.981899500367913
19.227679192881237
15.216443989568855
17.440201611615972
23.870209998157677
33.25565148384765
30.26280943861522
45.945118433355844
31.053342363341667
30.477967227659793
27.657845298611353
29.154720528807374
30.6079081615247
25.51933526759516
13.516728362722732
11.185828978260208
12.647165880431007
12.762710483072821
15.209000790920832
8.87006358545114
8.991495811157504
12.574963096941158
12.894707303877903
17.201068151037365
15.792261379999488
14.559038281955127
17.47283967056488
15.903946925760243
14.214680634570595
17.291008082028092
23.931280427074054
24.818832773865946
17.957277667637204
